0.000000000000000000e+00 1.167776455804705599e-01 6.304853929147596903e-02 9.680000305175781250e+01 9.775000000000000000e+01
1.000000000000000000e+00 5.056883594145377553e-02 5.335262697559618739e-02 9.837500000000000000e+01 9.809999847412109375e+01
2.000000000000000000e+00 4.324110521345089081e-02 4.877984433412729109e-02 9.858333587646484375e+01 9.834999847412109375e+01
3.000000000000000000e+00 3.968527757904181941e-02 4.340127725080247106e-02 9.871666717529296875e+01 9.859999847412109375e+01
4.000000000000000000e+00 3.712845910433679869e-02 4.319690707017712072e-02 9.875833129882812500e+01 9.850000000000000000e+01
5.000000000000000000e+00 3.535440896203120853e-02 4.107996986048029903e-02 9.890833282470703125e+01 9.855000305175781250e+01
6.000000000000000000e+00 3.422985709008450478e-02 3.969661400945383861e-02 9.883333587646484375e+01 9.855000305175781250e+01
7.000000000000000000e+00 3.289747526046509635e-02 3.967607168144442892e-02 9.893333435058593750e+01 9.865000152587890625e+01
8.000000000000000000e+00 3.190608654667934085e-02 3.727177337333116569e-02 9.897499847412109375e+01 9.865000152587890625e+01
9.000000000000000000e+00 3.088513345558506831e-02 4.051463423289417692e-02 9.895833587646484375e+01 9.859999847412109375e+01
1.000000000000000000e+01 2.989472287528527339e-02 3.692226779891089050e-02 9.894166564941406250e+01 9.865000152587890625e+01
1.100000000000000000e+01 2.877856588619761083e-02 3.919444509988857794e-02 9.909999847412109375e+01 9.859999847412109375e+01
1.200000000000000000e+01 2.813749393083465541e-02 3.503059964102234886e-02 9.911666870117187500e+01 9.865000152587890625e+01
1.300000000000000000e+01 2.746035965842505422e-02 3.398031891704285379e-02 9.910832977294921875e+01 9.869999694824218750e+01
1.400000000000000000e+01 2.655165568273514659e-02 3.405918377462685553e-02 9.909999847412109375e+01 9.875000000000000000e+01
1.500000000000000000e+01 2.557124602631665605e-02 3.289287113529142104e-02 9.917500305175781250e+01 9.880000305175781250e+01
1.600000000000000000e+01 2.504088049001681332e-02 3.399948417190610389e-02 9.912500000000000000e+01 9.865000152587890625e+01
1.700000000000000000e+01 2.494248790635416810e-02 3.289418405019826214e-02 9.919999694824218750e+01 9.865000152587890625e+01
1.800000000000000000e+01 2.352022626895147045e-02 3.151520312530919909e-02 9.928333282470703125e+01 9.859999847412109375e+01
1.900000000000000000e+01 2.301413405903925471e-02 3.088213348232712180e-02 9.925833129882812500e+01 9.865000152587890625e+01
2.000000000000000000e+01 2.240054272503281749e-02 3.004412556765601039e-02 9.925000000000000000e+01 9.884999847412109375e+01
2.100000000000000000e+01 2.175935702041412526e-02 3.082784726690973934e-02 9.924166870117187500e+01 9.884999847412109375e+01
2.200000000000000000e+01 2.131541192725611156e-02 2.882407739941430028e-02 9.934166717529296875e+01 9.869999694824218750e+01
2.300000000000000000e+01 2.070548066252377029e-02 3.003454541174014822e-02 9.934166717529296875e+01 9.890000152587890625e+01
2.400000000000000000e+01 2.018956646268876831e-02 2.933653371707935567e-02 9.935832977294921875e+01 9.884999847412109375e+01
2.500000000000000000e+01 1.964580446730057259e-02 2.882155780320144398e-02 9.937500000000000000e+01 9.875000000000000000e+01
2.600000000000000000e+01 1.908973436348605779e-02 2.856264868381595823e-02 9.940833282470703125e+01 9.884999847412109375e+01
2.700000000000000000e+01 1.889448198753719554e-02 2.772475833060323441e-02 9.937500000000000000e+01 9.880000305175781250e+01
2.800000000000000000e+01 1.841438888502307247e-02 3.059449886795990656e-02 9.938333129882812500e+01 9.894999694824218750e+01
2.900000000000000000e+01 1.775915066944435197e-02 2.737236314056818234e-02 9.944166564941406250e+01 9.880000305175781250e+01
3.000000000000000000e+01 1.734049932173608449e-02 2.754306158472207347e-02 9.945833587646484375e+01 9.880000305175781250e+01
3.100000000000000000e+01 1.709014443548706810e-02 2.902939343466497471e-02 9.945833587646484375e+01 9.905000305175781250e+01
3.200000000000000000e+01 1.672829006682149955e-02 2.666615330455233274e-02 9.944166564941406250e+01 9.884999847412109375e+01
3.300000000000000000e+01 1.626502883783541645e-02 2.698622838504398033e-02 9.948332977294921875e+01 9.884999847412109375e+01
3.400000000000000000e+01 1.581605122704058883e-02 2.792861917825777834e-02 9.948332977294921875e+01 9.884999847412109375e+01
3.500000000000000000e+01 1.546917300232841276e-02 2.778589313675183803e-02 9.948332977294921875e+01 9.884999847412109375e+01
3.600000000000000000e+01 1.500019966651840696e-02 2.697254851343117502e-02 9.950000000000000000e+01 9.890000152587890625e+01
3.700000000000000000e+01 1.484729676344431933e-02 2.640453470309102324e-02 9.952500152587890625e+01 9.900000000000000000e+01
3.800000000000000000e+01 1.426284052125023107e-02 2.601248014321927773e-02 9.950000000000000000e+01 9.905000305175781250e+01
3.900000000000000000e+01 1.361141548786933171e-02 2.782208412342394507e-02 9.951667022705078125e+01 9.894999694824218750e+01
4.000000000000000000e+01 1.397014051501173533e-02 2.567741879408011116e-02 9.951667022705078125e+01 9.890000152587890625e+01
4.100000000000000000e+01 1.361355769872898275e-02 2.584283929530693802e-02 9.952500152587890625e+01 9.905000305175781250e+01
4.200000000000000000e+01 1.307237915322184522e-02 2.658189740955888697e-02 9.955000305175781250e+01 9.905000305175781250e+01
4.300000000000000000e+01 1.262806050985818690e-02 2.571451801659783293e-02 9.958333587646484375e+01 9.900000000000000000e+01
4.400000000000000000e+01 1.217945265516755249e-02 2.888289353284071923e-02 9.962500000000000000e+01 9.869999694824218750e+01
4.500000000000000000e+01 1.211356595808562447e-02 2.545569489487365528e-02 9.957499694824218750e+01 9.909999847412109375e+01
4.600000000000000000e+01 1.178758614851782745e-02 2.690394370934911031e-02 9.963333129882812500e+01 9.915000152587890625e+01
4.700000000000000000e+01 1.157526229094946700e-02 2.532772785563128931e-02 9.965000152587890625e+01 9.900000000000000000e+01
4.800000000000000000e+01 1.124579481115021463e-02 2.526481438563057610e-02 9.968333435058593750e+01 9.905000305175781250e+01
4.900000000000000000e+01 1.092636924673570306e-02 2.628689194453828412e-02 9.969999694824218750e+01 9.919999694824218750e+01
5.000000000000000000e+01 1.098382301329790291e-02 2.550387953057892468e-02 9.969166564941406250e+01 9.909999847412109375e+01
5.100000000000000000e+01 1.041819931673429282e-02 2.516595575168991197e-02 9.971666717529296875e+01 9.909999847412109375e+01
5.200000000000000000e+01 1.067711336287902740e-02 2.526851304627064296e-02 9.969999694824218750e+01 9.905000305175781250e+01
5.300000000000000000e+01 1.033621580088705215e-02 2.642770761500171789e-02 9.968333435058593750e+01 9.890000152587890625e+01
5.400000000000000000e+01 9.948364328398989764e-03 2.535524245202338059e-02 9.970833587646484375e+01 9.900000000000000000e+01
5.500000000000000000e+01 9.724646392879851900e-03 2.566295629817648763e-02 9.976667022705078125e+01 9.915000152587890625e+01
5.600000000000000000e+01 9.566833024825124876e-03 2.701668912361908023e-02 9.975833129882812500e+01 9.900000000000000000e+01
5.700000000000000000e+01 9.274093681461332422e-03 2.527999938793650328e-02 9.974166870117187500e+01 9.909999847412109375e+01
5.800000000000000000e+01 9.405335574876516960e-03 2.544321716332989189e-02 9.971666717529296875e+01 9.919999694824218750e+01
5.900000000000000000e+01 8.991676007087031144e-03 2.509286852497126866e-02 9.976667022705078125e+01 9.925000000000000000e+01
6.000000000000000000e+01 8.771930454880930497e-03 2.571033171238562565e-02 9.975000000000000000e+01 9.919999694824218750e+01
6.100000000000000000e+01 8.790232873075487161e-03 2.852456095997550969e-02 9.975000000000000000e+01 9.900000000000000000e+01
6.200000000000000000e+01 8.395341094195221676e-03 2.608838908458387118e-02 9.980000305175781250e+01 9.909999847412109375e+01
6.300000000000000000e+01 8.241855207500824870e-03 2.731254398208370071e-02 9.976667022705078125e+01 9.900000000000000000e+01
6.400000000000000000e+01 7.841768597446691774e-03 2.600415580407513041e-02 9.980000305175781250e+01 9.925000000000000000e+01
6.500000000000000000e+01 8.081350404274417060e-03 2.541303110774606466e-02 9.977500152587890625e+01 9.925000000000000000e+01
6.600000000000000000e+01 7.868346002059600774e-03 2.460251775292341542e-02 9.980833435058593750e+01 9.925000000000000000e+01
6.700000000000000000e+01 7.389509156908995180e-03 2.501130832827165931e-02 9.977500152587890625e+01 9.925000000000000000e+01
6.800000000000000000e+01 7.458817705827337947e-03 2.533927963344871637e-02 9.982499694824218750e+01 9.909999847412109375e+01
6.900000000000000000e+01 7.395121861152195719e-03 2.529515244942371135e-02 9.980833435058593750e+01 9.925000000000000000e+01
7.000000000000000000e+01 7.133641778229503003e-03 2.776404483359776534e-02 9.985832977294921875e+01 9.900000000000000000e+01
7.100000000000000000e+01 6.882615321407986944e-03 3.237098364248624377e-02 9.985832977294921875e+01 9.865000152587890625e+01
7.200000000000000000e+01 6.895808871689950922e-03 2.564130338104737492e-02 9.982499694824218750e+01 9.919999694824218750e+01
7.300000000000000000e+01 6.516940311441430517e-03 2.693896978096398803e-02 9.984166717529296875e+01 9.905000305175781250e+01
7.400000000000000000e+01 6.693120093414715518e-03 2.526459247989502541e-02 9.981666564941406250e+01 9.919999694824218750e+01
7.500000000000000000e+01 6.602364945598917199e-03 2.684201566805154843e-02 9.985832977294921875e+01 9.905000305175781250e+01
7.600000000000000000e+01 6.283205448329681579e-03 2.864903914936197185e-02 9.984999847412109375e+01 9.900000000000000000e+01
7.700000000000000000e+01 6.173487013807365045e-03 2.494137635712543113e-02 9.982499694824218750e+01 9.925000000000000000e+01
7.800000000000000000e+01 6.082850311805183992e-03 2.494156527921274555e-02 9.986666870117187500e+01 9.925000000000000000e+01
7.900000000000000000e+01 6.224511505676977134e-03 2.760786866291175742e-02 9.986666870117187500e+01 9.894999694824218750e+01
8.000000000000000000e+01 5.953755305570666671e-03 2.737433528252748022e-02 9.987500000000000000e+01 9.909999847412109375e+01
8.100000000000000000e+01 5.634335481508363427e-03 2.525523300360036499e-02 9.988333129882812500e+01 9.919999694824218750e+01
8.200000000000000000e+01 5.836198897159192329e-03 2.766507732072597328e-02 9.985832977294921875e+01 9.905000305175781250e+01
8.300000000000000000e+01 5.514751901680331990e-03 2.508889211562096225e-02 9.990000152587890625e+01 9.925000000000000000e+01
8.400000000000000000e+01 5.468290655776702688e-03 2.534316227158544405e-02 9.987500000000000000e+01 9.919999694824218750e+01
8.500000000000000000e+01 5.383303860646265065e-03 2.565063974563801946e-02 9.989167022705078125e+01 9.925000000000000000e+01
8.600000000000000000e+01 5.268200443131111459e-03 2.637763572264312933e-02 9.989167022705078125e+01 9.915000152587890625e+01
8.700000000000000000e+01 5.159227116001905734e-03 2.663477907322336913e-02 9.988333129882812500e+01 9.905000305175781250e+01
8.800000000000000000e+01 5.182545419066930670e-03 2.650616249339359312e-02 9.990000152587890625e+01 9.915000152587890625e+01
8.900000000000000000e+01 5.135935963677184385e-03 2.628351076872070466e-02 9.988333129882812500e+01 9.915000152587890625e+01
9.000000000000000000e+01 4.979817017743092683e-03 2.554477990411720134e-02 9.986666870117187500e+01 9.925000000000000000e+01
9.100000000000000000e+01 4.948064829067637740e-03 2.791953516407374991e-02 9.990833282470703125e+01 9.900000000000000000e+01
9.200000000000000000e+01 4.780785274347484036e-03 2.653856112729478106e-02 9.990000152587890625e+01 9.909999847412109375e+01
9.300000000000000000e+01 4.713747925692587590e-03 2.628436801581027216e-02 9.989167022705078125e+01 9.915000152587890625e+01
9.400000000000000000e+01 4.594369894975291850e-03 2.605535278390951753e-02 9.990833282470703125e+01 9.919999694824218750e+01
9.500000000000000000e+01 4.567190867644967643e-03 2.575169130907144915e-02 9.989167022705078125e+01 9.919999694824218750e+01
9.600000000000000000e+01 4.463733202743848730e-03 2.662116051255401794e-02 9.991666412353515625e+01 9.919999694824218750e+01
9.700000000000000000e+01 4.288289401695995727e-03 2.700346583686849891e-02 9.992500305175781250e+01 9.909999847412109375e+01
9.800000000000000000e+01 4.328916981838119848e-03 2.666274777658102224e-02 9.990833282470703125e+01 9.915000152587890625e+01
9.900000000000000000e+01 4.220895984066980362e-03 2.590038301736462267e-02 9.992500305175781250e+01 9.919999694824218750e+01
