0.000000000000000000e+00 1.891991046324648762e+00 1.731990764697138863e+00 3.207600021362304688e+01 3.777000045776367188e+01
1.000000000000000000e+00 1.728831309655958881e+00 1.662572809682486552e+00 3.782600021362304688e+01 4.054000091552734375e+01
2.000000000000000000e+00 1.674630656428468312e+00 1.626628929052870820e+00 4.014400100708007812e+01 4.213999938964843750e+01
3.000000000000000000e+00 1.630939513845315547e+00 1.591111826439635113e+00 4.146400070190429688e+01 4.295999908447265625e+01
4.000000000000000000e+00 1.600208020332297476e+00 1.573133946988529264e+00 4.251599884033203125e+01 4.374000167846679688e+01
5.000000000000000000e+00 1.585501181263231141e+00 1.559843711959668200e+00 4.358599853515625000e+01 4.431000137329101562e+01
6.000000000000000000e+00 1.563069348524414481e+00 1.553545880241515853e+00 4.377600097656250000e+01 4.443999862670898438e+01
7.000000000000000000e+00 1.543868712485027217e+00 1.539681023683030059e+00 4.472399902343750000e+01 4.449000167846679688e+01
8.000000000000000000e+00 1.535599564750913082e+00 1.534928821908018381e+00 4.495800018310546875e+01 4.538999938964843750e+01
9.000000000000000000e+00 1.515607608409547336e+00 1.526036848846715754e+00 4.584400177001953125e+01 4.538000106811523438e+01
1.000000000000000000e+01 1.506466478509774776e+00 1.522662751590862840e+00 4.630199813842773438e+01 4.559999847412109375e+01
1.100000000000000000e+01 1.496251993429485339e+00 1.509755299495051162e+00 4.665599822998046875e+01 4.586999893188476562e+01
1.200000000000000000e+01 1.481417678863820697e+00 1.506550098760440326e+00 4.717599868774414062e+01 4.609999847412109375e+01
1.300000000000000000e+01 1.476149539038376757e+00 1.498391419934769431e+00 4.713000106811523438e+01 4.654999923706054688e+01
1.400000000000000000e+01 1.467352320655217479e+00 1.489733186773598783e+00 4.768799972534179688e+01 4.665000152587890625e+01
1.500000000000000000e+01 1.458458198962574670e+00 1.487320588800473020e+00 4.775600051879882812e+01 4.684000015258789062e+01
1.600000000000000000e+01 1.447884134466802086e+00 1.496035222237864337e+00 4.836199951171875000e+01 4.663999938964843750e+01
1.700000000000000000e+01 1.446680688926674785e+00 1.484693109608305805e+00 4.818799972534179688e+01 4.711999893188476562e+01
1.800000000000000000e+01 1.433020403197539316e+00 1.490252204025134475e+00 4.899200057983398438e+01 4.649000167846679688e+01
1.900000000000000000e+01 1.436210048709705811e+00 1.476804261390393558e+00 4.880400085449218750e+01 4.686999893188476562e+01
2.000000000000000000e+01 1.426232347065869988e+00 1.478651078364338733e+00 4.901800155639648438e+01 4.772999954223632812e+01
2.100000000000000000e+01 1.423970573198619860e+00 1.478792373364725909e+00 4.932799911499023438e+01 4.720999908447265625e+01
2.200000000000000000e+01 1.412418343474753701e+00 1.477483648842516040e+00 4.951599884033203125e+01 4.736999893188476562e+01
2.300000000000000000e+01 1.405417588949966268e+00 1.468144912117967271e+00 4.986600112915039062e+01 4.743999862670898438e+01
2.400000000000000000e+01 1.405531522408556722e+00 1.477940582810118642e+00 4.995000076293945312e+01 4.699000167846679688e+01
2.500000000000000000e+01 1.399446325926008816e+00 1.459583177734106840e+00 4.996200180053710938e+01 4.825999832153320312e+01
2.600000000000000000e+01 1.395791858263070617e+00 1.471892124166884752e+00 5.035200119018554688e+01 4.768000030517578125e+01
2.700000000000000000e+01 1.385924879587848269e+00 1.468424593869108730e+00 5.044400024414062500e+01 4.763999938964843750e+01
2.800000000000000000e+01 1.383908887246596331e+00 1.469771787000540453e+00 5.076599884033203125e+01 4.725000000000000000e+01
2.900000000000000000e+01 1.380207545659668744e+00 1.464534276209700225e+00 5.085599899291992188e+01 4.759999847412109375e+01
3.000000000000000000e+01 1.379731805219302387e+00 1.462648284511444352e+00 5.109000015258789062e+01 4.815000152587890625e+01
3.100000000000000000e+01 1.375949741477624721e+00 1.469856772179039872e+00 5.106600189208984375e+01 4.706000137329101562e+01
3.200000000000000000e+01 1.365448789648420869e+00 1.476513220860173448e+00 5.149599838256835938e+01 4.725999832153320312e+01
3.300000000000000000e+01 1.361911975071358416e+00 1.460248105823041431e+00 5.149399948120117188e+01 4.784999847412109375e+01
3.400000000000000000e+01 1.360324575743916187e+00 1.459824198731979994e+00 5.171400070190429688e+01 4.790999984741210938e+01
3.500000000000000000e+01 1.351389600920966938e+00 1.462245895458867295e+00 5.207400131225585938e+01 4.809999847412109375e+01
3.600000000000000000e+01 1.349721116777116148e+00 1.458296803049386137e+00 5.196599960327148438e+01 4.770000076293945312e+01
3.700000000000000000e+01 1.350405256372953389e+00 1.461130217431833245e+00 5.193600082397460938e+01 4.849000167846679688e+01
3.800000000000000000e+01 1.346403805208907789e+00 1.466183352775086268e+00 5.182199859619140625e+01 4.804999923706054688e+01
3.900000000000000000e+01 1.346621942039643471e+00 1.465539808090502438e+00 5.181600189208984375e+01 4.827999877929687500e+01
4.000000000000000000e+01 1.338102552269943457e+00 1.457310380074924527e+00 5.239799880981445312e+01 4.831000137329101562e+01
4.100000000000000000e+01 1.334680864235871178e+00 1.468458197749080041e+00 5.248799896240234375e+01 4.806999969482421875e+01
4.200000000000000000e+01 1.336557187983719697e+00 1.464928791355401216e+00 5.252399826049804688e+01 4.815000152587890625e+01
4.300000000000000000e+01 1.330005982787046293e+00 1.462245266277569122e+00 5.272399902343750000e+01 4.809000015258789062e+01
4.400000000000000000e+01 1.330990910072473055e+00 1.486947431351049342e+00 5.265999984741210938e+01 4.790999984741210938e+01
4.500000000000000000e+01 1.325374379229713462e+00 1.468104434089538834e+00 5.291799926757812500e+01 4.838999938964843750e+01
4.600000000000000000e+01 1.322074022456307674e+00 1.460192246368517965e+00 5.302600097656250000e+01 4.820999908447265625e+01
4.700000000000000000e+01 1.318168655314357007e+00 1.465756467356087667e+00 5.309199905395507812e+01 4.806000137329101562e+01
4.800000000000000000e+01 1.321985171799162417e+00 1.474541387809351178e+00 5.310800170898437500e+01 4.761000061035156250e+01
4.900000000000000000e+01 1.311373112907946670e+00 1.471299910888123508e+00 5.325999832153320312e+01 4.797000122070312500e+01
5.000000000000000000e+01 1.309180320071930081e+00 1.478640936624508795e+00 5.344800186157226562e+01 4.772000122070312500e+01
5.100000000000000000e+01 1.307017388476519937e+00 1.480393809061080868e+00 5.343799972534179688e+01 4.734999847412109375e+01
5.200000000000000000e+01 1.302664586083673859e+00 1.481138394282648818e+00 5.377199935913085938e+01 4.733000183105468750e+01
5.300000000000000000e+01 1.306159085062018388e+00 1.462726166263556005e+00 5.364400100708007812e+01 4.865000152587890625e+01
5.400000000000000000e+01 1.303229330673632669e+00 1.472916242794487740e+00 5.366799926757812500e+01 4.784000015258789062e+01
5.500000000000000000e+01 1.297032045387565891e+00 1.493281780911710710e+00 5.390599822998046875e+01 4.779000091552734375e+01
5.600000000000000000e+01 1.301936022875328725e+00 1.487968688384412541e+00 5.400600051879882812e+01 4.733000183105468750e+01
5.700000000000000000e+01 1.296828158185486579e+00 1.469238169848347653e+00 5.379800033569335938e+01 4.829000091552734375e+01
5.800000000000000000e+01 1.290413765173574534e+00 1.468455304733861322e+00 5.401599884033203125e+01 4.845000076293945312e+01
5.900000000000000000e+01 1.292869497398039691e+00 1.464460907652736177e+00 5.413199996948242188e+01 4.854999923706054688e+01
6.000000000000000000e+01 1.289163138495754701e+00 1.478564184123334790e+00 5.423199844360351562e+01 4.822000122070312500e+01
6.100000000000000000e+01 1.285386348411355018e+00 1.475485434356969661e+00 5.431399917602539062e+01 4.845999908447265625e+01
6.200000000000000000e+01 1.283079582342183222e+00 1.477076316603456396e+00 5.440200042724609375e+01 4.824000167846679688e+01
6.300000000000000000e+01 1.283285276941664277e+00 1.470387186866979556e+00 5.444400024414062500e+01 4.811000061035156250e+01
6.400000000000000000e+01 1.279457937389783861e+00 1.481790457099390501e+00 5.458000183105468750e+01 4.783000183105468750e+01
6.500000000000000000e+01 1.280054673657383679e+00 1.482855842898067156e+00 5.442599868774414062e+01 4.786000061035156250e+01
6.600000000000000000e+01 1.278618511487029652e+00 1.476114376665304206e+00 5.468199920654296875e+01 4.788999938964843750e+01
6.700000000000000000e+01 1.280360680967283393e+00 1.496803185619866028e+00 5.462400054931640625e+01 4.745000076293945312e+01
6.800000000000000000e+01 1.271939882046888126e+00 1.454193697569850174e+00 5.483000183105468750e+01 4.890999984741210938e+01
6.900000000000000000e+01 1.273202296677721890e+00 1.491128376116767962e+00 5.489400100708007812e+01 4.750000000000000000e+01
7.000000000000000000e+01 1.269709642621392298e+00 1.476484400205337888e+00 5.491400146484375000e+01 4.816999816894531250e+01
7.100000000000000000e+01 1.268464511545209339e+00 1.483527127736673501e+00 5.497200012207031250e+01 4.793999862670898438e+01
7.200000000000000000e+01 1.265826552667758120e+00 1.482186607088143759e+00 5.531600189208984375e+01 4.784999847412109375e+01
7.300000000000000000e+01 1.266063139176262009e+00 1.482747604481328363e+00 5.506999969482421875e+01 4.761000061035156250e+01
7.400000000000000000e+01 1.265951771615639210e+00 1.480188961227100197e+00 5.488600158691406250e+01 4.806000137329101562e+01
7.500000000000000000e+01 1.262509851827883889e+00 1.474519033972828463e+00 5.529800033569335938e+01 4.836000061035156250e+01
7.600000000000000000e+01 1.258051252868491288e+00 1.493186288748305390e+00 5.536399841308593750e+01 4.781999969482421875e+01
7.700000000000000000e+01 1.259474822098981539e+00 1.473317308166918194e+00 5.535400009155273438e+01 4.818000030517578125e+01
7.800000000000000000e+01 1.263821106573289166e+00 1.470715588274093433e+00 5.514799880981445312e+01 4.845999908447265625e+01
7.900000000000000000e+01 1.255106097639026475e+00 1.477835206939770440e+00 5.559400177001953125e+01 4.786000061035156250e+01
8.000000000000000000e+01 1.249858297412393959e+00 1.490900311035850967e+00 5.554800033569335938e+01 4.750000000000000000e+01
8.100000000000000000e+01 1.252452166890457352e+00 1.482952251601904692e+00 5.563399887084960938e+01 4.809999847412109375e+01
8.200000000000000000e+01 1.250652547036693818e+00 1.494344375765742639e+00 5.537400054931640625e+01 4.813999938964843750e+01
8.300000000000000000e+01 1.250575515069186627e+00 1.493604910449859879e+00 5.554199981689453125e+01 4.736000061035156250e+01
8.400000000000000000e+01 1.250249434684379990e+00 1.492111475322954961e+00 5.593799972534179688e+01 4.750999832153320312e+01
8.500000000000000000e+01 1.243414876824072035e+00 1.498195707417143696e+00 5.586800003051757812e+01 4.724000167846679688e+01
8.600000000000000000e+01 1.247044264621942178e+00 1.488219076833024124e+00 5.589799880981445312e+01 4.818999862670898438e+01
8.700000000000000000e+01 1.238850594215185508e+00 1.502058908390922598e+00 5.591199874877929688e+01 4.795999908447265625e+01
8.800000000000000000e+01 1.240561659375750247e+00 1.505306914972420973e+00 5.604000091552734375e+01 4.779999923706054688e+01
8.900000000000000000e+01 1.245065413868282400e+00 1.480347455690463221e+00 5.602999877929687500e+01 4.788999938964843750e+01
9.000000000000000000e+01 1.239084656354485503e+00 1.490941750546233013e+00 5.601399993896484375e+01 4.768000030517578125e+01
9.100000000000000000e+01 1.241110319711425269e+00 1.500776836095145672e+00 5.596599960327148438e+01 4.800000000000000000e+01
9.200000000000000000e+01 1.234391292050643019e+00 1.489607255870160962e+00 5.625999832153320312e+01 4.795999908447265625e+01
9.300000000000000000e+01 1.234850452294047551e+00 1.486998203653878026e+00 5.636000061035156250e+01 4.775000000000000000e+01
9.400000000000000000e+01 1.230913688186186628e+00 1.495880030595456489e+00 5.646200180053710938e+01 4.740999984741210938e+01
9.500000000000000000e+01 1.228375535932627605e+00 1.490948334859963698e+00 5.638399887084960938e+01 4.727999877929687500e+01
9.600000000000000000e+01 1.229032988282860783e+00 1.508268697574115746e+00 5.645800018310546875e+01 4.761999893188476562e+01
9.700000000000000000e+01 1.225812599320329266e+00 1.495829730749892006e+00 5.635400009155273438e+01 4.761999893188476562e+01
9.800000000000000000e+01 1.228876467439049769e+00 1.493386528362481425e+00 5.654199981689453125e+01 4.795000076293945312e+01
9.900000000000000000e+01 1.222488097975212851e+00 1.495722264527512779e+00 5.663999938964843750e+01 4.827000045776367188e+01
