0.000000000000000000e+00 1.169285026341676664e-01 7.607355539406103484e-02 9.655833435058593750e+01 9.734999847412109375e+01
1.000000000000000000e+00 6.209158691018819981e-02 6.338364886681711885e-02 9.821666717529296875e+01 9.769999694824218750e+01
2.000000000000000000e+00 5.345398091649015970e-02 5.788784123040617569e-02 9.844999694824218750e+01 9.815000152587890625e+01
3.000000000000000000e+00 4.921767349479098941e-02 5.404868646569195578e-02 9.849166870117187500e+01 9.819999694824218750e+01
4.000000000000000000e+00 4.651699498419960277e-02 5.158280962634654437e-02 9.855000305175781250e+01 9.830000305175781250e+01
5.000000000000000000e+00 4.459274173714220663e-02 5.024836199461586023e-02 9.859166717529296875e+01 9.834999847412109375e+01
6.000000000000000000e+00 4.309135428567727188e-02 4.861455464306923407e-02 9.864167022705078125e+01 9.844999694824218750e+01
7.000000000000000000e+00 4.185013387662669254e-02 4.856421594833216365e-02 9.872499847412109375e+01 9.844999694824218750e+01
8.000000000000000000e+00 4.079019648302346229e-02 4.667786018191171643e-02 9.874166870117187500e+01 9.855000305175781250e+01
9.000000000000000000e+00 3.992220807634293961e-02 4.677379890973309973e-02 9.873332977294921875e+01 9.844999694824218750e+01
1.000000000000000000e+01 3.909382044089337177e-02 4.543497636249022725e-02 9.878333282470703125e+01 9.859999847412109375e+01
1.100000000000000000e+01 3.831827744127561802e-02 4.545199946825585063e-02 9.880000305175781250e+01 9.840000152587890625e+01
1.200000000000000000e+01 3.808351265732198843e-02 4.436249835860161389e-02 9.886666870117187500e+01 9.855000305175781250e+01
1.300000000000000000e+01 3.744394794572145080e-02 4.348347095092610498e-02 9.880833435058593750e+01 9.850000000000000000e+01
1.400000000000000000e+01 3.683057950747509884e-02 4.348535992441669024e-02 9.886666870117187500e+01 9.850000000000000000e+01
1.500000000000000000e+01 3.655768242944031771e-02 4.327867497941331049e-02 9.884999847412109375e+01 9.865000152587890625e+01
1.600000000000000000e+01 3.611111222673207832e-02 4.235308003863171716e-02 9.890833282470703125e+01 9.855000305175781250e+01
1.700000000000000000e+01 3.572502847512563223e-02 4.192785846461202087e-02 9.885832977294921875e+01 9.855000305175781250e+01
1.800000000000000000e+01 3.524707120812187872e-02 4.204520631381975654e-02 9.887500000000000000e+01 9.855000305175781250e+01
1.900000000000000000e+01 3.474100587423890885e-02 4.270713091162698510e-02 9.893333435058593750e+01 9.859999847412109375e+01
2.000000000000000000e+01 3.473457130355139810e-02 4.103729871308638144e-02 9.885832977294921875e+01 9.855000305175781250e+01
2.100000000000000000e+01 3.422162969068934246e-02 4.099293472245335579e-02 9.895833587646484375e+01 9.855000305175781250e+01
2.200000000000000000e+01 3.398251266498118761e-02 4.137836835931040652e-02 9.896666717529296875e+01 9.865000152587890625e+01
2.300000000000000000e+01 3.358816841151565646e-02 4.218724869110340725e-02 9.894999694824218750e+01 9.859999847412109375e+01
2.400000000000000000e+01 3.350480778872345911e-02 4.089560777148498055e-02 9.891666412353515625e+01 9.865000152587890625e+01
2.500000000000000000e+01 3.307302220227817391e-02 4.044054164588156003e-02 9.895833587646484375e+01 9.855000305175781250e+01
2.600000000000000000e+01 3.288895543276642436e-02 4.033506142773798236e-02 9.896666717529296875e+01 9.865000152587890625e+01
2.700000000000000000e+01 3.255617186365028504e-02 4.085292426836011764e-02 9.898332977294921875e+01 9.859999847412109375e+01
2.800000000000000000e+01 3.236084365006536290e-02 3.895525650088010189e-02 9.899166870117187500e+01 9.855000305175781250e+01
2.900000000000000000e+01 3.226098217023536802e-02 3.918980003061098283e-02 9.896666717529296875e+01 9.855000305175781250e+01
3.000000000000000000e+01 3.201420178652430309e-02 3.910544836276491631e-02 9.897499847412109375e+01 9.855000305175781250e+01
3.100000000000000000e+01 3.166829856019467287e-02 3.910673778995664429e-02 9.901667022705078125e+01 9.855000305175781250e+01
3.200000000000000000e+01 3.148514614813029827e-02 3.878941418536539787e-02 9.905833435058593750e+01 9.855000305175781250e+01
3.300000000000000000e+01 3.135380331488946820e-02 3.826602897144824184e-02 9.900833129882812500e+01 9.855000305175781250e+01
3.400000000000000000e+01 3.105605829398458070e-02 3.823653491683274425e-02 9.901667022705078125e+01 9.859999847412109375e+01
3.500000000000000000e+01 3.084883893653750375e-02 3.994944978446241662e-02 9.904166412353515625e+01 9.865000152587890625e+01
3.600000000000000000e+01 3.075492462251956313e-02 3.939210650573913425e-02 9.906666564941406250e+01 9.865000152587890625e+01
3.700000000000000000e+01 3.033949174669881704e-02 3.758246656728997381e-02 9.904166412353515625e+01 9.855000305175781250e+01
3.800000000000000000e+01 3.042083641234785349e-02 3.788592450464853961e-02 9.905000305175781250e+01 9.855000305175781250e+01
3.900000000000000000e+01 3.021398652655383002e-02 3.767975340116887228e-02 9.907499694824218750e+01 9.869999694824218750e+01
4.000000000000000000e+01 3.028461394924670397e-02 3.814494872136810211e-02 9.905833435058593750e+01 9.859999847412109375e+01
4.100000000000000000e+01 3.002591372545187695e-02 3.752884996818408453e-02 9.904166412353515625e+01 9.859999847412109375e+01
4.200000000000000000e+01 2.987618198959777691e-02 3.831534767763630084e-02 9.907499694824218750e+01 9.869999694824218750e+01
4.300000000000000000e+01 2.961824203158418267e-02 3.809612192997029190e-02 9.905833435058593750e+01 9.869999694824218750e+01
4.400000000000000000e+01 2.942951256828382767e-02 3.652352111558208186e-02 9.906666564941406250e+01 9.859999847412109375e+01
4.500000000000000000e+01 2.927731876595256189e-02 3.793375351695373737e-02 9.906666564941406250e+01 9.869999694824218750e+01
4.600000000000000000e+01 2.922116195332879682e-02 3.757101398641391615e-02 9.913333129882812500e+01 9.875000000000000000e+01
4.700000000000000000e+01 2.898910071824987653e-02 3.716397871695725080e-02 9.914167022705078125e+01 9.865000152587890625e+01
4.800000000000000000e+01 2.889886589751889182e-02 3.701386095989229325e-02 9.909166717529296875e+01 9.865000152587890625e+01
4.900000000000000000e+01 2.867570460929224838e-02 3.642871790742945037e-02 9.913333129882812500e+01 9.865000152587890625e+01
5.000000000000000000e+01 2.859104165527969615e-02 3.743301638095299783e-02 9.909999847412109375e+01 9.869999694824218750e+01
5.100000000000000000e+01 2.830661222680161404e-02 3.615312082212536471e-02 9.916666412353515625e+01 9.865000152587890625e+01
5.200000000000000000e+01 2.839777815613585277e-02 3.613918199802616110e-02 9.907499694824218750e+01 9.859999847412109375e+01
5.300000000000000000e+01 2.820561872764180272e-02 3.613837424384814395e-02 9.911666870117187500e+01 9.859999847412109375e+01
5.400000000000000000e+01 2.820944181255375174e-02 3.653409100961797773e-02 9.909166717529296875e+01 9.859999847412109375e+01
5.500000000000000000e+01 2.801719249784946283e-02 3.607112796337801769e-02 9.914167022705078125e+01 9.859999847412109375e+01
5.600000000000000000e+01 2.789746314209575612e-02 3.671623014342335206e-02 9.913333129882812500e+01 9.869999694824218750e+01
5.700000000000000000e+01 2.769495032805328535e-02 3.584837284038907418e-02 9.911666870117187500e+01 9.865000152587890625e+01
5.800000000000000000e+01 2.776254823058843524e-02 3.642562106122366333e-02 9.915000152587890625e+01 9.865000152587890625e+01
5.900000000000000000e+01 2.750767335512985939e-02 3.547635020518172949e-02 9.913333129882812500e+01 9.869999694824218750e+01
6.000000000000000000e+01 2.740608487790450326e-02 3.534591476070798183e-02 9.912500000000000000e+01 9.865000152587890625e+01
6.100000000000000000e+01 2.734074058104306315e-02 3.571629211849843694e-02 9.915833282470703125e+01 9.865000152587890625e+01
6.200000000000000000e+01 2.736160283551240802e-02 3.589916459584076291e-02 9.916666412353515625e+01 9.865000152587890625e+01
6.300000000000000000e+01 2.718293933151289671e-02 3.525810275459662080e-02 9.916666412353515625e+01 9.869999694824218750e+01
6.400000000000000000e+01 2.713232513237744462e-02 3.531736650020032148e-02 9.914167022705078125e+01 9.869999694824218750e+01
6.500000000000000000e+01 2.680777354538440779e-02 3.583833729637609516e-02 9.911666870117187500e+01 9.859999847412109375e+01
6.600000000000000000e+01 2.674011077157532196e-02 3.529005392273473762e-02 9.916666412353515625e+01 9.859999847412109375e+01
6.700000000000000000e+01 2.680818819161504343e-02 3.595117807927881298e-02 9.915833282470703125e+01 9.865000152587890625e+01
6.800000000000000000e+01 2.667928112034375493e-02 3.500142506146360077e-02 9.919999694824218750e+01 9.869999694824218750e+01
6.900000000000000000e+01 2.646929335454478727e-02 3.470299825707953006e-02 9.918333435058593750e+01 9.865000152587890625e+01
7.000000000000000000e+01 2.644152039584393363e-02 3.494379364807779359e-02 9.915000152587890625e+01 9.869999694824218750e+01
7.100000000000000000e+01 2.629334630118683111e-02 3.495978928330014529e-02 9.918333435058593750e+01 9.859999847412109375e+01
7.200000000000000000e+01 2.629594571764270333e-02 3.480154932901588505e-02 9.916666412353515625e+01 9.859999847412109375e+01
7.300000000000000000e+01 2.624828530180578490e-02 3.463023123312889556e-02 9.919999694824218750e+01 9.865000152587890625e+01
7.400000000000000000e+01 2.607965416538839468e-02 3.526886406498739440e-02 9.919999694824218750e+01 9.865000152587890625e+01
7.500000000000000000e+01 2.609926023373069712e-02 3.483184615504883452e-02 9.921666717529296875e+01 9.859999847412109375e+01
7.600000000000000000e+01 2.601168730047841854e-02 3.472770329856771782e-02 9.917500305175781250e+01 9.859999847412109375e+01
7.700000000000000000e+01 2.584338712374058961e-02 3.443544638890122522e-02 9.920833587646484375e+01 9.865000152587890625e+01
7.800000000000000000e+01 2.580256132114057757e-02 3.540464758314931099e-02 9.920833587646484375e+01 9.869999694824218750e+01
7.900000000000000000e+01 2.564337607550745343e-02 3.533560251595363466e-02 9.919166564941406250e+01 9.869999694824218750e+01
8.000000000000000000e+01 2.549593541778934561e-02 3.422519251970308068e-02 9.917500305175781250e+01 9.859999847412109375e+01
8.100000000000000000e+01 2.565678065002430230e-02 3.532630778453682563e-02 9.921666717529296875e+01 9.859999847412109375e+01
8.200000000000000000e+01 2.544977348546187054e-02 3.431532476078866939e-02 9.920833587646484375e+01 9.865000152587890625e+01
8.300000000000000000e+01 2.537142793135717389e-02 3.539079979675570364e-02 9.924166870117187500e+01 9.869999694824218750e+01
8.400000000000000000e+01 2.534193272065992167e-02 3.447461422784105917e-02 9.919166564941406250e+01 9.859999847412109375e+01
8.500000000000000000e+01 2.520804560751033208e-02 3.482002169097078714e-02 9.925833129882812500e+01 9.855000305175781250e+01
8.600000000000000000e+01 2.498921387184721565e-02 3.429738340330206608e-02 9.919999694824218750e+01 9.859999847412109375e+01
8.700000000000000000e+01 2.505109989348178190e-02 3.403793558910755274e-02 9.920833587646484375e+01 9.859999847412109375e+01
8.800000000000000000e+01 2.489723095445272802e-02 3.422226957304196071e-02 9.923332977294921875e+01 9.865000152587890625e+01
8.900000000000000000e+01 2.493810193411384948e-02 3.451076547138481887e-02 9.918333435058593750e+01 9.855000305175781250e+01
9.000000000000000000e+01 2.484558001389571696e-02 3.468219046610303974e-02 9.921666717529296875e+01 9.859999847412109375e+01
9.100000000000000000e+01 2.487843472712362655e-02 3.430778294753667607e-02 9.922499847412109375e+01 9.855000305175781250e+01
9.200000000000000000e+01 2.472138277169627293e-02 3.387195229094239202e-02 9.919999694824218750e+01 9.865000152587890625e+01
9.300000000000000000e+01 2.460437042134193050e-02 3.358363285235735352e-02 9.925833129882812500e+01 9.865000152587890625e+01
9.400000000000000000e+01 2.446774999960325825e-02 3.371506656606917951e-02 9.922499847412109375e+01 9.865000152587890625e+01
9.500000000000000000e+01 2.447648762942602335e-02 3.407939114526564728e-02 9.927500152587890625e+01 9.859999847412109375e+01
9.600000000000000000e+01 2.441192032489925695e-02 3.396755473231823086e-02 9.926667022705078125e+01 9.855000305175781250e+01
9.700000000000000000e+01 2.435825165562952727e-02 3.368235374884014782e-02 9.927500152587890625e+01 9.865000152587890625e+01
9.800000000000000000e+01 2.433294401682602887e-02 3.361799550891321486e-02 9.926667022705078125e+01 9.865000152587890625e+01
9.900000000000000000e+01 2.416760426387190921e-02 3.391701543642695882e-02 9.924166870117187500e+01 9.855000305175781250e+01
