0.000000000000000000e+00 1.801908133965002268e+00 1.648486704491197941e+00 3.719400024414062500e+01 4.247999954223632812e+01
1.000000000000000000e+00 1.595420925569930981e+00 1.555477164043024274e+00 4.435400009155273438e+01 4.536999893188476562e+01
2.000000000000000000e+00 1.517606130106969209e+00 1.504994749261167497e+00 4.695199966430664062e+01 4.734000015258789062e+01
3.000000000000000000e+00 1.463639641486904397e+00 1.474353992139188607e+00 4.895399856567382812e+01 4.772000122070312500e+01
4.000000000000000000e+00 1.419819344295116137e+00 1.454331086085627334e+00 5.039400100708007812e+01 4.909000015258789062e+01
5.000000000000000000e+00 1.382936718711011093e+00 1.427961768814550059e+00 5.190399932861328125e+01 5.000000000000000000e+01
6.000000000000000000e+00 1.351996106973307521e+00 1.424720671230230939e+00 5.291799926757812500e+01 4.993000030517578125e+01
7.000000000000000000e+00 1.324048971565427113e+00 1.417948454713669149e+00 5.381399917602539062e+01 4.984999847412109375e+01
8.000000000000000000e+00 1.301146590320711560e+00 1.404589864202200777e+00 5.459000015258789062e+01 5.079000091552734375e+01
9.000000000000000000e+00 1.279147266273840122e+00 1.403806190711621715e+00 5.542599868774414062e+01 5.061999893188476562e+01
1.000000000000000000e+01 1.258966441575487760e+00 1.419559198065687644e+00 5.612200164794921875e+01 4.990000152587890625e+01
1.100000000000000000e+01 1.242315877994054185e+00 1.397233839613941875e+00 5.663800048828125000e+01 5.102999877929687500e+01
1.200000000000000000e+01 1.225292796861339850e+00 1.401740781986675399e+00 5.735400009155273438e+01 5.066999816894531250e+01
1.300000000000000000e+01 1.209998958437243033e+00 1.414936202402693688e+00 5.789799880981445312e+01 5.020000076293945312e+01
1.400000000000000000e+01 1.194655655556127849e+00 1.391906324286049657e+00 5.829600143432617188e+01 5.177999877929687500e+01
1.500000000000000000e+01 1.180655906311762537e+00 1.430626353516746274e+00 5.888800048828125000e+01 5.025000000000000000e+01
1.600000000000000000e+01 1.169426492598296230e+00 1.418113793808812195e+00 5.937200164794921875e+01 5.066999816894531250e+01
1.700000000000000000e+01 1.155651710045619840e+00 1.421501256787357947e+00 5.957400131225585938e+01 5.088999938964843750e+01
1.800000000000000000e+01 1.143169834227876214e+00 1.402170596221765431e+00 6.015999984741210938e+01 5.118999862670898438e+01
1.900000000000000000e+01 1.131227638427065640e+00 1.411100034706127992e+00 6.058399963378906250e+01 5.149000167846679688e+01
2.000000000000000000e+01 1.120807508551304066e+00 1.423471495937615572e+00 6.086199951171875000e+01 5.090999984741210938e+01
2.100000000000000000e+01 1.110386928532723028e+00 1.433310693254866930e+00 6.120999908447265625e+01 5.034999847412109375e+01
2.200000000000000000e+01 1.100580926896362000e+00 1.435385141128930009e+00 6.145999908447265625e+01 5.068000030517578125e+01
2.300000000000000000e+01 1.090466859320837534e+00 1.440219538851667869e+00 6.177399826049804688e+01 5.133000183105468750e+01
2.400000000000000000e+01 1.082261096874415296e+00 1.453296178065168975e+00 6.206200027465820312e+01 5.040000152587890625e+01
2.500000000000000000e+01 1.072067366108555797e+00 1.446484377970710833e+00 6.270999908447265625e+01 5.077999877929687500e+01
2.600000000000000000e+01 1.062834858398596038e+00 1.450552704806525872e+00 6.284000015258789062e+01 5.059000015258789062e+01
2.700000000000000000e+01 1.054385704904203580e+00 1.448037219885439209e+00 6.320000076293945312e+01 5.043999862670898438e+01
2.800000000000000000e+01 1.045935857738353292e+00 1.484507756873060691e+00 6.358800125122070312e+01 5.008000183105468750e+01
2.900000000000000000e+01 1.039082288360717810e+00 1.466501692042183169e+00 6.364799880981445312e+01 5.088000106811523438e+01
3.000000000000000000e+01 1.029116927547784277e+00 1.476314225707191286e+00 6.377000045776367188e+01 5.063000106811523438e+01
3.100000000000000000e+01 1.020010438891305160e+00 1.455184385037650685e+00 6.452400207519531250e+01 5.079999923706054688e+01
3.200000000000000000e+01 1.012677129689349087e+00 1.521921742267121180e+00 6.468000030517578125e+01 4.972999954223632812e+01
3.300000000000000000e+01 1.008245239178492181e+00 1.485858569129968165e+00 6.475599670410156250e+01 5.084999847412109375e+01
3.400000000000000000e+01 9.975915073738292893e-01 1.504127515581088259e+00 6.504599761962890625e+01 5.056000137329101562e+01
3.500000000000000000e+01 9.902544105312264255e-01 1.489962719880734809e+00 6.537000274658203125e+01 5.061999893188476562e+01
3.600000000000000000e+01 9.834149190804474250e-01 1.515287292651094297e+00 6.574600219726562500e+01 4.990999984741210938e+01
3.700000000000000000e+01 9.778787834630588982e-01 1.515472445625085873e+00 6.583999633789062500e+01 5.013999938964843750e+01
3.800000000000000000e+01 9.697129076212092080e-01 1.509412556220167456e+00 6.608799743652343750e+01 5.031999969482421875e+01
3.900000000000000000e+01 9.625786447936880430e-01 1.526776128683608125e+00 6.637200164794921875e+01 5.006000137329101562e+01
4.000000000000000000e+01 9.565687923384109670e-01 1.589148290431537491e+00 6.671199798583984375e+01 4.909000015258789062e+01
4.100000000000000000e+01 9.502166124848471229e-01 1.529505724343248163e+00 6.691600036621093750e+01 5.022999954223632812e+01
4.200000000000000000e+01 9.426643443427936697e-01 1.566157416032906813e+00 6.692400360107421875e+01 4.888999938964843750e+01
4.300000000000000000e+01 9.392244236940614499e-01 1.535204893103041979e+00 6.744200134277343750e+01 5.022000122070312500e+01
4.400000000000000000e+01 9.323768331809296761e-01 1.564127595470355292e+00 6.734200286865234375e+01 4.990999984741210938e+01
4.500000000000000000e+01 9.268829759999260842e-01 1.572116395916801634e+00 6.783799743652343750e+01 4.931000137329101562e+01
4.600000000000000000e+01 9.209321515917091583e-01 1.555407925345265507e+00 6.782199859619140625e+01 5.025000000000000000e+01
4.700000000000000000e+01 9.142740512992507673e-01 1.574043544336629852e+00 6.808399963378906250e+01 5.020000076293945312e+01
4.800000000000000000e+01 9.079823646496597567e-01 1.585775389077183517e+00 6.826599884033203125e+01 4.952000045776367188e+01
4.900000000000000000e+01 9.004320814223604197e-01 1.611198316366908578e+00 6.855400085449218750e+01 4.883000183105468750e+01
5.000000000000000000e+01 8.953598460667574477e-01 1.600702451250423541e+00 6.878600311279296875e+01 4.915999984741210938e+01
5.100000000000000000e+01 8.919486352555353603e-01 1.598810274380083607e+00 6.878800201416015625e+01 4.908000183105468750e+01
5.200000000000000000e+01 8.862188585622143844e-01 1.626174181223677406e+00 6.905000305175781250e+01 4.949000167846679688e+01
5.300000000000000000e+01 8.796181813006361816e-01 1.650107944544892735e+00 6.916799926757812500e+01 4.884999847412109375e+01
5.400000000000000000e+01 8.751073357239794737e-01 1.638566444095331365e+00 6.931999969482421875e+01 4.900000000000000000e+01
5.500000000000000000e+01 8.685390171299969264e-01 1.636962040354268622e+00 6.967600250244140625e+01 4.884000015258789062e+01
5.600000000000000000e+01 8.632790319864671602e-01 1.662287095865121689e+00 7.010399627685546875e+01 4.891999816894531250e+01
5.700000000000000000e+01 8.585278502238231635e-01 1.675510557886129792e+00 6.994200134277343750e+01 4.891999816894531250e+01
5.800000000000000000e+01 8.538193225250438889e-01 1.642343677461337803e+00 7.033999633789062500e+01 4.988999938964843750e+01
5.900000000000000000e+01 8.497905755226076163e-01 1.709590826362085814e+00 7.034799957275390625e+01 4.902999877929687500e+01
6.000000000000000000e+01 8.446910951431942927e-01 1.638845506948404029e+00 7.067600250244140625e+01 4.963000106811523438e+01
6.100000000000000000e+01 8.395483748926539924e-01 1.875476945322542610e+00 7.050800323486328125e+01 4.590999984741210938e+01
6.200000000000000000e+01 8.347516343788847770e-01 1.695215321006104503e+00 7.096399688720703125e+01 4.775999832153320312e+01
6.300000000000000000e+01 8.302138354331349834e-01 1.676607685538526571e+00 7.108200073242187500e+01 4.911000061035156250e+01
6.400000000000000000e+01 8.247531915389797463e-01 1.695409695751750823e+00 7.120800018310546875e+01 4.940000152587890625e+01
6.500000000000000000e+01 8.220195168306334566e-01 1.720348048514832362e+00 7.136599731445312500e+01 4.909000015258789062e+01
6.600000000000000000e+01 8.160775126513959421e-01 1.740871406972598789e+00 7.155000305175781250e+01 4.781999969482421875e+01
6.700000000000000000e+01 8.105830880631564872e-01 1.754571090871914540e+00 7.158799743652343750e+01 4.783000183105468750e+01
6.800000000000000000e+01 8.059832638872028721e-01 1.729058951996385929e+00 7.201399993896484375e+01 4.863999938964843750e+01
6.900000000000000000e+01 8.029218410652414484e-01 1.731091316134784952e+00 7.195400238037109375e+01 4.895999908447265625e+01
7.000000000000000000e+01 7.965700116320748592e-01 1.735011376702366492e+00 7.219599914550781250e+01 4.883000183105468750e+01
7.100000000000000000e+01 7.949885812540963270e-01 1.788340874754201781e+00 7.219999694824218750e+01 4.802000045776367188e+01
7.200000000000000000e+01 7.887219561458167494e-01 1.768511608195381113e+00 7.247399902343750000e+01 4.845000076293945312e+01
7.300000000000000000e+01 7.839601718304024525e-01 1.774893446852223944e+00 7.233799743652343750e+01 4.779000091552734375e+01
7.400000000000000000e+01 7.804087980656919665e-01 1.779457293950711616e+00 7.293199920654296875e+01 4.877999877929687500e+01
7.500000000000000000e+01 7.769979399248185814e-01 1.805113780803192958e+00 7.297599792480468750e+01 4.783000183105468750e+01
7.600000000000000000e+01 7.736055224809750275e-01 1.762367140180386649e+00 7.313800048828125000e+01 4.859999847412109375e+01
7.700000000000000000e+01 7.646510776844989143e-01 1.836329230866112328e+00 7.355799865722656250e+01 4.722999954223632812e+01
7.800000000000000000e+01 7.664110690012088112e-01 1.786952838349266104e+00 7.315200042724609375e+01 4.813000106811523438e+01
7.900000000000000000e+01 7.619568081864621645e-01 1.793367572866689574e+00 7.346399688720703125e+01 4.820999908447265625e+01
8.000000000000000000e+01 7.561065108251358025e-01 1.847009154935233433e+00 7.363400268554687500e+01 4.754000091552734375e+01
8.100000000000000000e+01 7.536057144575064592e-01 1.793335942414622020e+00 7.389199829101562500e+01 4.850999832153320312e+01
8.200000000000000000e+01 7.470733673619827098e-01 1.881759849600136869e+00 7.401799774169921875e+01 4.650000000000000000e+01
8.300000000000000000e+01 7.452329452496954110e-01 1.843539686629566576e+00 7.398200225830078125e+01 4.808000183105468750e+01
8.400000000000000000e+01 7.406072741849866192e-01 1.861995109734824627e+00 7.423600006103515625e+01 4.795999908447265625e+01
8.500000000000000000e+01 7.370173655026094339e-01 1.849817153744804266e+00 7.429000091552734375e+01 4.875000000000000000e+01
8.600000000000000000e+01 7.331125855598400465e-01 1.854556990698122743e+00 7.449199676513671875e+01 4.822999954223632812e+01
8.700000000000000000e+01 7.296823672545086348e-01 1.895202334696492352e+00 7.472399902343750000e+01 4.759999847412109375e+01
8.800000000000000000e+01 7.298192171545572204e-01 1.893629160932839506e+00 7.468599700927734375e+01 4.763999938964843750e+01
8.900000000000000000e+01 7.195128398451069440e-01 1.877242597147298797e+00 7.494999694824218750e+01 4.759999847412109375e+01
9.000000000000000000e+01 7.199163439368408968e-01 1.911317463880910728e+00 7.490799713134765625e+01 4.788999938964843750e+01
9.100000000000000000e+01 7.134897987848661804e-01 1.897483262391136183e+00 7.511199951171875000e+01 4.799000167846679688e+01
9.200000000000000000e+01 7.103387182214973006e-01 1.936672943468672692e+00 7.534600067138671875e+01 4.677000045776367188e+01
9.300000000000000000e+01 7.098567205900118138e-01 2.023949228536587430e+00 7.521199798583984375e+01 4.722999954223632812e+01
9.400000000000000000e+01 7.051586124924460464e-01 1.966665038285544842e+00 7.553399658203125000e+01 4.700999832153320312e+01
9.500000000000000000e+01 7.014189610592616031e-01 1.925394921637952450e+00 7.554399871826171875e+01 4.779999923706054688e+01
9.600000000000000000e+01 6.989305802285480373e-01 1.928538686932085522e+00 7.570400238037109375e+01 4.727999877929687500e+01
9.700000000000000000e+01 6.957752361026088295e-01 1.943042434823398779e+00 7.591000366210937500e+01 4.747000122070312500e+01
9.800000000000000000e+01 6.956817730069542183e-01 1.959213205419790160e+00 7.566600036621093750e+01 4.811999893188476562e+01
9.900000000000000000e+01 6.879968490840072670e-01 2.004454006021396228e+00 7.601799774169921875e+01 4.766999816894531250e+01
