0.000000000000000000e+00 6.054022543748219798e-01 5.256347106858945128e-01 7.957166290283203125e+01 8.145999908447265625e+01
1.000000000000000000e+00 4.820379147052765156e-01 4.926080999378198433e-01 8.336000061035156250e+01 8.279000091552734375e+01
2.000000000000000000e+00 4.575000161647796437e-01 4.832838806100546725e-01 8.430999755859375000e+01 8.290000152587890625e+01
3.000000000000000000e+00 4.430456958015759894e-01 4.718240360958507740e-01 8.476999664306640625e+01 8.348000335693359375e+01
4.000000000000000000e+00 4.344780346632003964e-01 4.706793447938589781e-01 8.501833343505859375e+01 8.363999938964843750e+01
5.000000000000000000e+00 4.278363655527432918e-01 4.695046945882681566e-01 8.521499633789062500e+01 8.375000000000000000e+01
6.000000000000000000e+00 4.225026395599047468e-01 4.550051863867634605e-01 8.536833190917968750e+01 8.380999755859375000e+01
7.000000000000000000e+00 4.183366712729136294e-01 4.583449290392878628e-01 8.560333251953125000e+01 8.351000213623046875e+01
8.000000000000000000e+00 4.150061510284741573e-01 4.604683053760101896e-01 8.567166900634765625e+01 8.388999938964843750e+01
9.000000000000000000e+00 4.119012530883153222e-01 4.516345897136023746e-01 8.576000213623046875e+01 8.390000152587890625e+01
1.000000000000000000e+01 4.089389121651649250e-01 4.544151951424991731e-01 8.584333038330078125e+01 8.383999633789062500e+01
1.100000000000000000e+01 4.070014145493507374e-01 4.518091560076600843e-01 8.588999938964843750e+01 8.402999877929687500e+01
1.200000000000000000e+01 4.045298495133717864e-01 4.467457289608141591e-01 8.601999664306640625e+01 8.397000122070312500e+01
1.300000000000000000e+01 4.027303429484367370e-01 4.464842228653331802e-01 8.617833709716796875e+01 8.393000030517578125e+01
1.400000000000000000e+01 4.010452187299728410e-01 4.491168831150752494e-01 8.620833587646484375e+01 8.408999633789062500e+01
1.500000000000000000e+01 3.995028252482414333e-01 4.476299398242475358e-01 8.611833190917968750e+01 8.420999908447265625e+01
1.600000000000000000e+01 3.975570534904797615e-01 4.518344059062842089e-01 8.617666625976562500e+01 8.409999847412109375e+01
1.700000000000000000e+01 3.962596177061398772e-01 4.497553557157516479e-01 8.637833404541015625e+01 8.430999755859375000e+01
1.800000000000000000e+01 3.956092698931694129e-01 4.508375682579442989e-01 8.625333404541015625e+01 8.363999938964843750e+01
1.900000000000000000e+01 3.941449800769488143e-01 4.452147109630389954e-01 8.631666564941406250e+01 8.426000213623046875e+01
2.000000000000000000e+01 3.930733734687169578e-01 4.488493035110041052e-01 8.632833099365234375e+01 8.418000030517578125e+01
2.100000000000000000e+01 3.919257143576939662e-01 4.439879673928879278e-01 8.643333435058593750e+01 8.427999877929687500e+01
2.200000000000000000e+01 3.912210667371749939e-01 4.385384555441883547e-01 8.649500274658203125e+01 8.444999694824218750e+01
2.300000000000000000e+01 3.898555458227793147e-01 4.393037930368996480e-01 8.645166778564453125e+01 8.438999938964843750e+01
2.400000000000000000e+01 3.888747802495956529e-01 4.465694462243741114e-01 8.649666595458984375e+01 8.422000122070312500e+01
2.500000000000000000e+01 3.886447829246520991e-01 4.436463273276155528e-01 8.651667022705078125e+01 8.437000274658203125e+01
2.600000000000000000e+01 3.874463903029759515e-01 4.429357260370406779e-01 8.656500244140625000e+01 8.448999786376953125e+01
2.700000000000000000e+01 3.868652395844459635e-01 4.401832688302277918e-01 8.656166839599609375e+01 8.411000061035156250e+01
2.800000000000000000e+01 3.860173017104466808e-01 4.421689256121175138e-01 8.667500305175781250e+01 8.409999847412109375e+01
2.900000000000000000e+01 3.854502293825149417e-01 4.403507421953609668e-01 8.655833435058593750e+01 8.416999816894531250e+01
3.000000000000000000e+01 3.846589262406031051e-01 4.387019728890623194e-01 8.665333557128906250e+01 8.420999908447265625e+01
3.100000000000000000e+01 3.839397673964500268e-01 4.429224715017662795e-01 8.673166656494140625e+01 8.404000091552734375e+01
3.200000000000000000e+01 3.836500383059183727e-01 4.470246336616266469e-01 8.665499877929687500e+01 8.438999938964843750e+01
3.300000000000000000e+01 3.829043353517850301e-01 4.399013811835465471e-01 8.665666961669921875e+01 8.433999633789062500e+01
3.400000000000000000e+01 3.820653303543726786e-01 4.361660701636308479e-01 8.671499633789062500e+01 8.433999633789062500e+01
3.500000000000000000e+01 3.812611365477244219e-01 4.378445143231187719e-01 8.663833618164062500e+01 8.433999633789062500e+01
3.600000000000000000e+01 3.810355440735817001e-01 4.387573365586253660e-01 8.663999938964843750e+01 8.437999725341796875e+01
3.700000000000000000e+01 3.809283918460210083e-01 4.399605639778768063e-01 8.673999786376953125e+01 8.430999755859375000e+01
3.800000000000000000e+01 3.802624673406282962e-01 4.385965452693140754e-01 8.675000000000000000e+01 8.437999725341796875e+01
3.900000000000000000e+01 3.799043618520100973e-01 4.388100444651640286e-01 8.672166442871093750e+01 8.448999786376953125e+01
4.000000000000000000e+01 3.792960642894109280e-01 4.388877064608537326e-01 8.674333190917968750e+01 8.441999816894531250e+01
4.100000000000000000e+01 3.786732113560040691e-01 4.436533472027641700e-01 8.686833190917968750e+01 8.418000030517578125e+01
4.200000000000000000e+01 3.784005691647529535e-01 4.381162674187090711e-01 8.683333587646484375e+01 8.429000091552734375e+01
4.300000000000000000e+01 3.778994057297706544e-01 4.382929502489467666e-01 8.672499847412109375e+01 8.425000000000000000e+01
4.400000000000000000e+01 3.772242893417676046e-01 4.445300935841977608e-01 8.690166473388671875e+01 8.394000244140625000e+01
4.500000000000000000e+01 3.772784132003784152e-01 4.388307072341251502e-01 8.688833618164062500e+01 8.426999664306640625e+01
4.600000000000000000e+01 3.771630971431731982e-01 4.403358005201473691e-01 8.682666778564453125e+01 8.441999816894531250e+01
4.700000000000000000e+01 3.765533162593841521e-01 4.389300070964871070e-01 8.686000061035156250e+01 8.430999755859375000e+01
4.800000000000000000e+01 3.756974684556325106e-01 4.394393272864551836e-01 8.692833709716796875e+01 8.406999969482421875e+01
4.900000000000000000e+01 3.752980510811010917e-01 4.435454890750848422e-01 8.682499694824218750e+01 8.426000213623046875e+01
5.000000000000000000e+01 3.753310224413871632e-01 4.408492797289412790e-01 8.686833190917968750e+01 8.437000274658203125e+01
5.100000000000000000e+01 3.751124413828055282e-01 4.456258061499641099e-01 8.694999694824218750e+01 8.416999816894531250e+01
5.200000000000000000e+01 3.747989325205485223e-01 4.400718727241308970e-01 8.690499877929687500e+01 8.423000335693359375e+01
5.300000000000000000e+01 3.739775517066319943e-01 4.436062185194926677e-01 8.694666290283203125e+01 8.434999847412109375e+01
5.400000000000000000e+01 3.743346022665500761e-01 4.379666733760803066e-01 8.687999725341796875e+01 8.437000274658203125e+01
5.500000000000000000e+01 3.735346755186716439e-01 4.431763866696113996e-01 8.700833129882812500e+01 8.413999938964843750e+01
5.600000000000000000e+01 3.732122203071912003e-01 4.493050901368022543e-01 8.693833160400390625e+01 8.412000274658203125e+01
5.700000000000000000e+01 3.729748555461565585e-01 4.431813328077617853e-01 8.696499633789062500e+01 8.397000122070312500e+01
5.800000000000000000e+01 3.726074734727541360e-01 4.380634913857752721e-01 8.699166870117187500e+01 8.437000274658203125e+01
5.900000000000000000e+01 3.725547128756840909e-01 4.400842298334017855e-01 8.695166778564453125e+01 8.408000183105468750e+01
6.000000000000000000e+01 3.723492443283398790e-01 4.447020021633218412e-01 8.692500305175781250e+01 8.423000335693359375e+01
6.100000000000000000e+01 3.714508782724539326e-01 4.434174836253205743e-01 8.701499938964843750e+01 8.411000061035156250e+01
6.200000000000000000e+01 3.721744372685750202e-01 4.439717143916855346e-01 8.699666595458984375e+01 8.447000122070312500e+01
6.300000000000000000e+01 3.715441257516542972e-01 4.396557739129462461e-01 8.705999755859375000e+01 8.416000366210937500e+01
6.400000000000000000e+01 3.709876860181490765e-01 4.419618834036226906e-01 8.697333526611328125e+01 8.433000183105468750e+01
6.500000000000000000e+01 3.706316004991531132e-01 4.414855998735458531e-01 8.697833251953125000e+01 8.413999938964843750e+01
6.600000000000000000e+01 3.707668516953785964e-01 4.438994235028854707e-01 8.699500274658203125e+01 8.462999725341796875e+01
6.700000000000000000e+01 3.704537781834602583e-01 4.400843214065122133e-01 8.705166625976562500e+01 8.469000244140625000e+01
6.800000000000000000e+01 3.700326657772063932e-01 4.414510319170098507e-01 8.705000305175781250e+01 8.416000366210937500e+01
6.900000000000000000e+01 3.699182353695233405e-01 4.450894254750717982e-01 8.707666778564453125e+01 8.405999755859375000e+01
7.000000000000000000e+01 3.697869720975557883e-01 4.421348556542930019e-01 8.699166870117187500e+01 8.415000152587890625e+01
7.100000000000000000e+01 3.695623564680417528e-01 4.401167982016889191e-01 8.709833526611328125e+01 8.436000061035156250e+01
7.200000000000000000e+01 3.693435279250145142e-01 4.444044663454778110e-01 8.713666534423828125e+01 8.434999847412109375e+01
7.300000000000000000e+01 3.692099485596020969e-01 4.397436452511781502e-01 8.712833404541015625e+01 8.433999633789062500e+01
7.400000000000000000e+01 3.681164675354957616e-01 4.432642188506385472e-01 8.716833496093750000e+01 8.450000000000000000e+01
7.500000000000000000e+01 3.685664843042691374e-01 4.430552421334071900e-01 8.717500305175781250e+01 8.434999847412109375e+01
7.600000000000000000e+01 3.683909001429875874e-01 4.452354870141504439e-01 8.715166473388671875e+01 8.391999816894531250e+01
7.700000000000000000e+01 3.682735272963841844e-01 4.406405836819840549e-01 8.701000213623046875e+01 8.462000274658203125e+01
7.800000000000000000e+01 3.680023257970809758e-01 4.414841191837201029e-01 8.723166656494140625e+01 8.415000152587890625e+01
7.900000000000000000e+01 3.674790977199872133e-01 4.430069411857821549e-01 8.714833068847656250e+01 8.420999908447265625e+01
8.000000000000000000e+01 3.674212962349255873e-01 4.415504927404772517e-01 8.706833648681640625e+01 8.450000000000000000e+01
8.100000000000000000e+01 3.674031445145606867e-01 4.395318467872211254e-01 8.719499969482421875e+01 8.444000244140625000e+01
8.200000000000000000e+01 3.673124126354853081e-01 4.422951752480607235e-01 8.718000030517578125e+01 8.430999755859375000e+01
8.300000000000000000e+01 3.673028182744980108e-01 4.393301242932725059e-01 8.710166931152343750e+01 8.437999725341796875e+01
8.400000000000000000e+01 3.669588572223981271e-01 4.426339172279111223e-01 8.719499969482421875e+01 8.448999786376953125e+01
8.500000000000000000e+01 3.667033887386321744e-01 4.406652746204370308e-01 8.715166473388671875e+01 8.451000213623046875e+01
8.600000000000000000e+01 3.663833062609036517e-01 4.418380311407600902e-01 8.714499664306640625e+01 8.405999755859375000e+01
8.700000000000000000e+01 3.664687342683474180e-01 4.379904110924885408e-01 8.710666656494140625e+01 8.444000244140625000e+01
8.800000000000000000e+01 3.662387464721997832e-01 4.412120960105341272e-01 8.721166992187500000e+01 8.444999694824218750e+01
8.900000000000000000e+01 3.658914475162823865e-01 4.408274205586019123e-01 8.727166748046875000e+01 8.434999847412109375e+01
9.000000000000000000e+01 3.662399400711059405e-01 4.405443524352658513e-01 8.710166931152343750e+01 8.443000030517578125e+01
9.100000000000000000e+01 3.657171959479649792e-01 4.432074822033175154e-01 8.720500183105468750e+01 8.437999725341796875e+01
9.200000000000000000e+01 3.653339347402254633e-01 4.473304291264698640e-01 8.716666412353515625e+01 8.437999725341796875e+01
9.300000000000000000e+01 3.654262621641158892e-01 4.395213051678273364e-01 8.723833465576171875e+01 8.419999694824218750e+01
9.400000000000000000e+01 3.650294520378112861e-01 4.395265480914055112e-01 8.715833282470703125e+01 8.441999816894531250e+01
9.500000000000000000e+01 3.649992243846257312e-01 4.440831924065614111e-01 8.717166900634765625e+01 8.454000091552734375e+01
9.600000000000000000e+01 3.648205109258492729e-01 4.470242196188186079e-01 8.724166870117187500e+01 8.391000366210937500e+01
9.700000000000000000e+01 3.646763923088709447e-01 4.513701324264843273e-01 8.728166961669921875e+01 8.420999908447265625e+01
9.800000000000000000e+01 3.651350032409031998e-01 4.456421863109158998e-01 8.722000122070312500e+01 8.405000305175781250e+01
9.900000000000000000e+01 3.647163533647855282e-01 4.434353569492745506e-01 8.731500244140625000e+01 8.416999816894531250e+01
