0.000000000000000000e+00 7.952442883332569989e-01 5.489434246628429603e-01 7.514499664306640625e+01 8.137000274658203125e+01
1.000000000000000000e+00 5.542452278137206534e-01 5.042917589410044199e-01 8.125333404541015625e+01 8.275000000000000000e+01
2.000000000000000000e+00 5.058760524908701983e-01 4.730224254222723523e-01 8.265499877929687500e+01 8.354000091552734375e+01
3.000000000000000000e+00 4.771690352837244520e-01 4.548631502083315126e-01 8.359666442871093750e+01 8.402999877929687500e+01
4.000000000000000000e+00 4.554846300125122149e-01 4.455630572887655516e-01 8.422000122070312500e+01 8.445999908447265625e+01
5.000000000000000000e+00 4.422473880887031750e-01 4.259955616423878322e-01 8.448332977294921875e+01 8.500000000000000000e+01
6.000000000000000000e+00 4.280845190087954055e-01 4.279249313825997381e-01 8.505166625976562500e+01 8.498000335693359375e+01
7.000000000000000000e+00 4.189109251022338776e-01 4.274910152815401543e-01 8.540499877929687500e+01 8.490000152587890625e+01
8.000000000000000000e+00 4.103523580749829369e-01 4.213061329608146499e-01 8.579333496093750000e+01 8.505000305175781250e+01
9.000000000000000000e+00 4.058409135937690593e-01 4.184189780165973871e-01 8.576499938964843750e+01 8.500000000000000000e+01
1.000000000000000000e+01 3.947715016206105321e-01 4.138908566663059840e-01 8.616166687011718750e+01 8.537000274658203125e+01
1.100000000000000000e+01 3.889360789140065555e-01 4.045497771745291682e-01 8.610832977294921875e+01 8.563999938964843750e+01
1.200000000000000000e+01 3.854003726959228660e-01 3.973843718584353368e-01 8.636666870117187500e+01 8.622000122070312500e+01
1.300000000000000000e+01 3.777284512122472404e-01 4.068737989321303261e-01 8.654666900634765625e+01 8.591000366210937500e+01
1.400000000000000000e+01 3.728889542420705250e-01 3.992368474888344787e-01 8.663999938964843750e+01 8.633000183105468750e+01
1.500000000000000000e+01 3.679260325630505646e-01 3.946959539629019131e-01 8.687000274658203125e+01 8.615000152587890625e+01
1.600000000000000000e+01 3.677741501450538797e-01 3.966833194033406174e-01 8.693166351318359375e+01 8.593000030517578125e+01
1.700000000000000000e+01 3.612465339144070864e-01 3.901351040330367503e-01 8.707499694824218750e+01 8.658999633789062500e+01
1.800000000000000000e+01 3.577380255242188500e-01 3.986141589550545317e-01 8.729000091552734375e+01 8.605000305175781250e+01
1.900000000000000000e+01 3.539829539895057442e-01 3.872249006225278456e-01 8.740000152587890625e+01 8.640000152587890625e+01
2.000000000000000000e+01 3.484878645916779649e-01 3.828053341125147169e-01 8.749333190917968750e+01 8.661000061035156250e+01
2.100000000000000000e+01 3.482319947222868861e-01 3.854483851609519229e-01 8.763333129882812500e+01 8.645999908447265625e+01
2.200000000000000000e+01 3.433957533955573904e-01 3.893126883683875050e-01 8.773332977294921875e+01 8.636000061035156250e+01
2.300000000000000000e+01 3.413496007124582898e-01 3.840392365004308139e-01 8.772166442871093750e+01 8.654000091552734375e+01
2.400000000000000000e+01 3.391780810038248495e-01 3.876747334489045183e-01 8.780166625976562500e+01 8.618000030517578125e+01
2.500000000000000000e+01 3.388504358589649046e-01 3.811353868046126747e-01 8.784666442871093750e+01 8.665000152587890625e+01
2.600000000000000000e+01 3.357022504170735777e-01 3.802802947858652249e-01 8.797666931152343750e+01 8.668000030517578125e+01
2.700000000000000000e+01 3.339806546906630147e-01 3.883726571600277233e-01 8.788999938964843750e+01 8.637999725341796875e+01
2.800000000000000000e+01 3.244599787890911080e-01 3.785453774153995643e-01 8.839833068847656250e+01 8.677999877929687500e+01
2.900000000000000000e+01 3.268141108075777734e-01 3.781350081602034008e-01 8.828166961669921875e+01 8.644000244140625000e+01
3.000000000000000000e+01 3.230299700339634983e-01 3.829707366923174039e-01 8.843666839599609375e+01 8.665000152587890625e+01
3.100000000000000000e+01 3.245590217769145913e-01 3.733406858131908534e-01 8.838166809082031250e+01 8.702999877929687500e+01
3.200000000000000000e+01 3.215274129788081026e-01 3.801062785017604861e-01 8.830000305175781250e+01 8.673999786376953125e+01
3.300000000000000000e+01 3.182461692889531624e-01 3.724491648352184492e-01 8.851667022705078125e+01 8.688999938964843750e+01
3.400000000000000000e+01 3.175260440309842225e-01 3.794297782686381071e-01 8.859333038330078125e+01 8.662000274658203125e+01
3.500000000000000000e+01 3.120426067749659249e-01 3.780883970542456840e-01 8.876000213623046875e+01 8.715000152587890625e+01
3.600000000000000000e+01 3.114943354745706161e-01 3.723088935636483798e-01 8.878166961669921875e+01 8.681999969482421875e+01
3.700000000000000000e+01 3.129782381137212188e-01 3.823453577253194124e-01 8.873000335693359375e+01 8.638999938964843750e+01
3.800000000000000000e+01 3.102478509187698297e-01 3.799043421309215018e-01 8.876499938964843750e+01 8.676999664306640625e+01
3.900000000000000000e+01 3.074914719601472002e-01 3.787669792009618619e-01 8.874500274658203125e+01 8.680999755859375000e+01
4.000000000000000000e+01 3.099701448877652532e-01 3.763544373809339372e-01 8.889833068847656250e+01 8.684999847412109375e+01
4.100000000000000000e+01 3.056958231449127261e-01 3.785460388627105432e-01 8.909666442871093750e+01 8.686000061035156250e+01
4.200000000000000000e+01 3.079675897896289594e-01 3.831268548965454102e-01 8.876499938964843750e+01 8.676999664306640625e+01
4.300000000000000000e+01 3.034967062095800805e-01 3.726209205108138578e-01 8.916500091552734375e+01 8.730000305175781250e+01
4.400000000000000000e+01 3.007781285623709611e-01 3.774831096132913455e-01 8.900666809082031250e+01 8.694000244140625000e+01
4.500000000000000000e+01 3.014210377832253762e-01 3.830760340459239965e-01 8.906666564941406250e+01 8.658999633789062500e+01
4.600000000000000000e+01 2.975766473333040785e-01 3.696753220103038418e-01 8.917500305175781250e+01 8.684999847412109375e+01
4.700000000000000000e+01 2.990342745761076504e-01 3.746935113217122471e-01 8.918333435058593750e+01 8.711000061035156250e+01
4.800000000000000000e+01 2.984479007442792375e-01 3.644903913949625318e-01 8.923999786376953125e+01 8.701000213623046875e+01
4.900000000000000000e+01 2.964875679115454576e-01 3.716195939828793593e-01 8.912999725341796875e+01 8.750000000000000000e+01
5.000000000000000000e+01 2.942205186108748372e-01 3.794632655696366097e-01 8.939333343505859375e+01 8.672000122070312500e+01
5.100000000000000000e+01 2.916935001492500512e-01 3.669835150527497314e-01 8.933999633789062500e+01 8.701999664306640625e+01
5.200000000000000000e+01 2.884553297360737956e-01 3.728951414981588885e-01 8.941833496093750000e+01 8.705000305175781250e+01
5.300000000000000000e+01 2.923190780679384981e-01 3.734154096617104401e-01 8.951333618164062500e+01 8.719999694824218750e+01
5.400000000000000000e+01 2.869104148646196006e-01 3.786639210205680062e-01 8.956833648681640625e+01 8.713999938964843750e+01
5.500000000000000000e+01 2.892197629710038242e-01 3.683370892851116629e-01 8.945999908447265625e+01 8.708000183105468750e+01
5.600000000000000000e+01 2.857792135258515609e-01 3.796935882359838144e-01 8.955666351318359375e+01 8.662999725341796875e+01
5.700000000000000000e+01 2.825490835249424015e-01 3.662144162784369272e-01 8.972833251953125000e+01 8.716000366210937500e+01
5.800000000000000000e+01 2.854530257364114032e-01 3.782131599780088616e-01 8.972499847412109375e+01 8.687000274658203125e+01
5.900000000000000000e+01 2.831549141744772458e-01 3.762048374349697966e-01 8.968166351318359375e+01 8.716000366210937500e+01
6.000000000000000000e+01 2.827094720363617086e-01 3.685671401004821934e-01 8.968666839599609375e+01 8.720999908447265625e+01
6.100000000000000000e+01 2.860685535132884705e-01 3.796420619129753926e-01 8.972000122070312500e+01 8.718000030517578125e+01
6.200000000000000000e+01 2.813166501442591616e-01 3.775351114166430322e-01 8.972666931152343750e+01 8.701000213623046875e+01
6.300000000000000000e+01 2.787157771944999696e-01 3.729335794719263464e-01 9.000000000000000000e+01 8.723000335693359375e+01
6.400000000000000000e+01 2.783667159159978199e-01 3.700408308317486017e-01 8.984999847412109375e+01 8.733000183105468750e+01
6.500000000000000000e+01 2.782326964040597317e-01 3.770926494758349845e-01 9.001833343505859375e+01 8.694999694824218750e+01
6.600000000000000000e+01 2.754994521598020940e-01 3.767856960289013846e-01 8.989666748046875000e+01 8.719999694824218750e+01
6.700000000000000000e+01 2.796359475125869132e-01 3.745587025635158662e-01 8.972499847412109375e+01 8.711000061035156250e+01
6.800000000000000000e+01 2.761670878708362697e-01 3.782416609481881742e-01 8.999500274658203125e+01 8.713999938964843750e+01
6.900000000000000000e+01 2.773822128832340028e-01 3.753676368310428502e-01 8.986666870117187500e+01 8.706999969482421875e+01
7.000000000000000000e+01 2.718581116318702917e-01 3.833397366344548085e-01 9.011333465576171875e+01 8.705000305175781250e+01
7.100000000000000000e+01 2.746782309989134196e-01 3.815724407307827248e-01 8.985832977294921875e+01 8.713999938964843750e+01
7.200000000000000000e+01 2.759826917946338609e-01 3.783570675613781020e-01 8.999333190917968750e+01 8.676999664306640625e+01
7.300000000000000000e+01 2.729447523782650431e-01 3.814030606478167051e-01 8.997666931152343750e+01 8.698000335693359375e+01
7.400000000000000000e+01 2.718448867837587879e-01 3.811404884051972086e-01 9.001000213623046875e+01 8.713999938964843750e+01
7.500000000000000000e+01 2.707227714657783335e-01 3.719052949700111799e-01 9.015166473388671875e+01 8.744000244140625000e+01
7.600000000000000000e+01 2.714352326055367581e-01 3.724981947733571608e-01 9.016500091552734375e+01 8.708999633789062500e+01
7.700000000000000000e+01 2.639660170306761811e-01 3.845567688964807163e-01 9.035832977294921875e+01 8.673000335693359375e+01
7.800000000000000000e+01 2.702888385852177944e-01 3.717577364117192751e-01 9.011499786376953125e+01 8.702999877929687500e+01
7.900000000000000000e+01 2.673139142513275002e-01 3.711654130167093002e-01 9.020333099365234375e+01 8.702999877929687500e+01
8.000000000000000000e+01 2.666973419149716862e-01 3.750692494689656376e-01 9.022166442871093750e+01 8.726999664306640625e+01
8.100000000000000000e+01 2.683982724726199920e-01 3.723811984490662530e-01 9.014333343505859375e+01 8.726000213623046875e+01
8.200000000000000000e+01 2.656306780616442542e-01 3.826442622957518802e-01 9.042833709716796875e+01 8.730999755859375000e+01
8.300000000000000000e+01 2.680172963062922298e-01 3.836560796934385120e-01 9.013999938964843750e+01 8.687999725341796875e+01
8.400000000000000000e+01 2.650633072853088579e-01 3.765295593502422378e-01 9.033999633789062500e+01 8.702999877929687500e+01
8.500000000000000000e+01 2.671581172347068933e-01 3.816763487653420106e-01 9.018666839599609375e+01 8.718000030517578125e+01
8.600000000000000000e+01 2.642313657442728614e-01 3.753473539226733213e-01 9.026999664306640625e+01 8.697000122070312500e+01
8.700000000000000000e+01 2.618080256988604693e-01 3.765323789308246405e-01 9.035500335693359375e+01 8.669999694824218750e+01
8.800000000000000000e+01 2.644970139523347141e-01 3.846617215595687367e-01 9.033833312988281250e+01 8.719999694824218750e+01
8.900000000000000000e+01 2.650831118822097876e-01 3.757302415447112964e-01 9.030000305175781250e+01 8.725000000000000000e+01
9.000000000000000000e+01 2.646147711942593017e-01 3.754159549649911942e-01 9.036000061035156250e+01 8.738999938964843750e+01
9.100000000000000000e+01 2.595715267380078739e-01 3.830255908302415135e-01 9.045833587646484375e+01 8.698999786376953125e+01
9.200000000000000000e+01 2.602747179706891290e-01 3.716370688197901950e-01 9.059333038330078125e+01 8.733000183105468750e+01
9.300000000000000000e+01 2.610568933387597546e-01 3.741123758542080902e-01 9.037500000000000000e+01 8.709999847412109375e+01
9.400000000000000000e+01 2.570726343115170565e-01 3.753774591242543535e-01 9.065333557128906250e+01 8.744000244140625000e+01
9.500000000000000000e+01 2.571375464916229037e-01 3.742332484442205121e-01 9.060666656494140625e+01 8.713999938964843750e+01
9.600000000000000000e+01 2.533688635389010346e-01 3.819979449954276629e-01 9.071499633789062500e+01 8.702999877929687500e+01
9.700000000000000000e+01 2.584749910215536906e-01 3.805020713030149437e-01 9.051833343505859375e+01 8.731999969482421875e+01
9.800000000000000000e+01 2.576230234046776868e-01 3.799872908848352937e-01 9.060500335693359375e+01 8.752999877929687500e+01
9.900000000000000000e+01 2.568399285435676305e-01 3.750451813562038494e-01 9.062666320800781250e+01 8.723000335693359375e+01
