0.000000000000000000e+00 1.982770479572025124e+00 1.805853507389275858e+00 2.884399986267089844e+01 3.572000122070312500e+01
1.000000000000000000e+00 1.761765435652632217e+00 1.725278991098982750e+00 3.736800003051757812e+01 3.863999938964843750e+01
2.000000000000000000e+00 1.696573477865257029e+00 1.669993277174977031e+00 3.966199874877929688e+01 4.100999832153320312e+01
3.000000000000000000e+00 1.646376199243317240e+00 1.634101336756453415e+00 4.155599975585937500e+01 4.266999816894531250e+01
4.000000000000000000e+00 1.607065477130203979e+00 1.608961491158214185e+00 4.289199829101562500e+01 4.309000015258789062e+01
5.000000000000000000e+00 1.573631175801453397e+00 1.599579948205917423e+00 4.422000122070312500e+01 4.366999816894531250e+01
6.000000000000000000e+00 1.549447902409754274e+00 1.581149257029207389e+00 4.527199935913085938e+01 4.404999923706054688e+01
7.000000000000000000e+00 1.525463501612345452e+00 1.561455193038184808e+00 4.616400146484375000e+01 4.468999862670898438e+01
8.000000000000000000e+00 1.504302342084456345e+00 1.558293344494633859e+00 4.683399963378906250e+01 4.440999984741210938e+01
9.000000000000000000e+00 1.486948761700516153e+00 1.552989735390050807e+00 4.763199996948242188e+01 4.481999969482421875e+01
1.000000000000000000e+01 1.469924671598069610e+00 1.546798624169712255e+00 4.819599914550781250e+01 4.541999816894531250e+01
1.100000000000000000e+01 1.451794297780581777e+00 1.534187946266259539e+00 4.877399826049804688e+01 4.559000015258789062e+01
1.200000000000000000e+01 1.440431221166026177e+00 1.529524859148092553e+00 4.911999893188476562e+01 4.581000137329101562e+01
1.300000000000000000e+01 1.428417352133657614e+00 1.521020731415611449e+00 4.952999877929687500e+01 4.620000076293945312e+01
1.400000000000000000e+01 1.417882882282662127e+00 1.520659129078776761e+00 4.968799972534179688e+01 4.665000152587890625e+01
1.500000000000000000e+01 1.397952954737101239e+00 1.514873084549705817e+00 5.027399826049804688e+01 4.666999816894531250e+01
1.600000000000000000e+01 1.394091421682256415e+00 1.513051866913755816e+00 5.053799819946289062e+01 4.645000076293945312e+01
1.700000000000000000e+01 1.384124673221329482e+00 1.513024697288537501e+00 5.109000015258789062e+01 4.709000015258789062e+01
1.800000000000000000e+01 1.375703166786555132e+00 1.507042201563192352e+00 5.120800018310546875e+01 4.700000000000000000e+01
1.900000000000000000e+01 1.365480530246739432e+00 1.502343249397156022e+00 5.161800003051757812e+01 4.695000076293945312e+01
2.000000000000000000e+01 1.359837665667689377e+00 1.504038151651144739e+00 5.195199966430664062e+01 4.638000106811523438e+01
2.100000000000000000e+01 1.351417309453833759e+00 1.486368946564464055e+00 5.190999984741210938e+01 4.766999816894531250e+01
2.200000000000000000e+01 1.342276789786643221e+00 1.488008855059504976e+00 5.245199966430664062e+01 4.747000122070312500e+01
2.300000000000000000e+01 1.331854047297821309e+00 1.504687580437706007e+00 5.260800170898437500e+01 4.722999954223632812e+01
2.400000000000000000e+01 1.319965750646377556e+00 1.500773240011721077e+00 5.295399856567382812e+01 4.761999893188476562e+01
2.500000000000000000e+01 1.320026289898084570e+00 1.489873714911671199e+00 5.314400100708007812e+01 4.706000137329101562e+01
2.600000000000000000e+01 1.307633171459839927e+00 1.503394584686230440e+00 5.358399963378906250e+01 4.695000076293945312e+01
2.700000000000000000e+01 1.303489379370281087e+00 1.500852750132259050e+00 5.352000045776367188e+01 4.700999832153320312e+01
2.800000000000000000e+01 1.295684185534505817e+00 1.492480592986646259e+00 5.415999984741210938e+01 4.758000183105468750e+01
2.900000000000000000e+01 1.291243543551659156e+00 1.492713834340579915e+00 5.416799926757812500e+01 4.720999908447265625e+01
3.000000000000000000e+01 1.285452551362763041e+00 1.506336372500410414e+00 5.416799926757812500e+01 4.713000106811523438e+01
3.100000000000000000e+01 1.281526214673743391e+00 1.488113593560057346e+00 5.451800155639648438e+01 4.775999832153320312e+01
3.200000000000000000e+01 1.269649521097950817e+00 1.486844835380395802e+00 5.489199829101562500e+01 4.811000061035156250e+01
3.300000000000000000e+01 1.267894458709736272e+00 1.499927457338704917e+00 5.475000000000000000e+01 4.754000091552734375e+01
3.400000000000000000e+01 1.262460206955270836e+00 1.495958057455361478e+00 5.493600082397460938e+01 4.802000045776367188e+01
3.500000000000000000e+01 1.264054795640138895e+00 1.506253438254895771e+00 5.498600006103515625e+01 4.675000000000000000e+01
3.600000000000000000e+01 1.250150450436792848e+00 1.500729196559126066e+00 5.572399902343750000e+01 4.795999908447265625e+01
3.700000000000000000e+01 1.248250688373165440e+00 1.491527130619024755e+00 5.564199829101562500e+01 4.770999908447265625e+01
3.800000000000000000e+01 1.244845968938682379e+00 1.503547280360334693e+00 5.554800033569335938e+01 4.759000015258789062e+01
3.900000000000000000e+01 1.240911801274739545e+00 1.506196610272501957e+00 5.581600189208984375e+01 4.768999862670898438e+01
4.000000000000000000e+01 1.236703839312740749e+00 1.514966178435487087e+00 5.600000000000000000e+01 4.700000000000000000e+01
4.100000000000000000e+01 1.231325674499370137e+00 1.511587355464411253e+00 5.597999954223632812e+01 4.747999954223632812e+01
4.200000000000000000e+01 1.227715640402114783e+00 1.491794087445012407e+00 5.593199920654296875e+01 4.800000000000000000e+01
4.300000000000000000e+01 1.222266055190708078e+00 1.495830283378259740e+00 5.621599960327148438e+01 4.775999832153320312e+01
4.400000000000000000e+01 1.214402802808118409e+00 1.507436456581274120e+00 5.642599868774414062e+01 4.740999984741210938e+01
4.500000000000000000e+01 1.207822529879122753e+00 1.510674418542331754e+00 5.695800018310546875e+01 4.741999816894531250e+01
4.600000000000000000e+01 1.211160057870836804e+00 1.514064535546226553e+00 5.674000167846679688e+01 4.774000167846679688e+01
4.700000000000000000e+01 1.207745271658027919e+00 1.509849765620673523e+00 5.706000137329101562e+01 4.749000167846679688e+01
4.800000000000000000e+01 1.204195818264974127e+00 1.539888552202584249e+00 5.699399948120117188e+01 4.749000167846679688e+01
4.900000000000000000e+01 1.202664559877460349e+00 1.507041428797541993e+00 5.694400024414062500e+01 4.765999984741210938e+01
5.000000000000000000e+01 1.197239388469237165e+00 1.519536721249358013e+00 5.736600112915039062e+01 4.775999832153320312e+01
5.100000000000000000e+01 1.194298026390893330e+00 1.509338885450515422e+00 5.735599899291992188e+01 4.761000061035156250e+01
5.200000000000000000e+01 1.185641758310741478e+00 1.515830489393240388e+00 5.775000000000000000e+01 4.784000015258789062e+01
5.300000000000000000e+01 1.184554839965554329e+00 1.513771716017311864e+00 5.784199905395507812e+01 4.756000137329101562e+01
5.400000000000000000e+01 1.180013813311978854e+00 1.528196779493325774e+00 5.783800125122070312e+01 4.718000030517578125e+01
5.500000000000000000e+01 1.177709834627516328e+00 1.513478146383937517e+00 5.811800003051757812e+01 4.752000045776367188e+01
5.600000000000000000e+01 1.176536301123508599e+00 1.526429389041071838e+00 5.797000122070312500e+01 4.775000000000000000e+01
5.700000000000000000e+01 1.178332334211523946e+00 1.526717837816610190e+00 5.775400161743164062e+01 4.754000091552734375e+01
5.800000000000000000e+01 1.171088367795913632e+00 1.542745931651264613e+00 5.791199874877929688e+01 4.733000183105468750e+01
5.900000000000000000e+01 1.166812728401642962e+00 1.534811027133807571e+00 5.832600021362304688e+01 4.761999893188476562e+01
6.000000000000000000e+01 1.163098535359248897e+00 1.535023215289313958e+00 5.874599838256835938e+01 4.729000091552734375e+01
6.100000000000000000e+01 1.163746274211661547e+00 1.524541966831341355e+00 5.837400054931640625e+01 4.704000091552734375e+01
6.200000000000000000e+01 1.159448819479268034e+00 1.514396621205936322e+00 5.841199874877929688e+01 4.745999908447265625e+01
6.300000000000000000e+01 1.154786941109753107e+00 1.538166230098127141e+00 5.876599884033203125e+01 4.665999984741210938e+01
6.400000000000000000e+01 1.152885294769028457e+00 1.535481598430548322e+00 5.852199935913085938e+01 4.727000045776367188e+01
6.500000000000000000e+01 1.151070309081904330e+00 1.538312515511680356e+00 5.879600143432617188e+01 4.741999816894531250e+01
6.600000000000000000e+01 1.151108641122597032e+00 1.510842331682150430e+00 5.888600158691406250e+01 4.788000106811523438e+01
6.700000000000000000e+01 1.140433967990594599e+00 1.541331344328749298e+00 5.915200042724609375e+01 4.711999893188476562e+01
6.800000000000000000e+01 1.145094915375981071e+00 1.548652348998255546e+00 5.922000122070312500e+01 4.754999923706054688e+01
6.900000000000000000e+01 1.137631853307124796e+00 1.543187085051125340e+00 5.969599914550781250e+01 4.720000076293945312e+01
7.000000000000000000e+01 1.139174371061611790e+00 1.549606886534645067e+00 5.924399948120117188e+01 4.795999908447265625e+01
7.100000000000000000e+01 1.133863727366092977e+00 1.555212184834404043e+00 5.960200119018554688e+01 4.750999832153320312e+01
7.200000000000000000e+01 1.133287712807695025e+00 1.563613196531423721e+00 5.943600082397460938e+01 4.666999816894531250e+01
7.300000000000000000e+01 1.131366013756030187e+00 1.537776586537163093e+00 5.968199920654296875e+01 4.738999938964843750e+01
7.400000000000000000e+01 1.127688973245907444e+00 1.541417524837457309e+00 5.942200088500976562e+01 4.802999877929687500e+01
7.500000000000000000e+01 1.122690491392607903e+00 1.555942626616444446e+00 5.986199951171875000e+01 4.750999832153320312e+01
7.600000000000000000e+01 1.121278119560090270e+00 1.569976107190592218e+00 5.999399948120117188e+01 4.681999969482421875e+01
7.700000000000000000e+01 1.120866560394460310e+00 1.581283038035749211e+00 5.990800094604492188e+01 4.665000152587890625e+01
7.800000000000000000e+01 1.118453357704770390e+00 1.553356809928394311e+00 6.011600112915039062e+01 4.749000167846679688e+01
7.900000000000000000e+01 1.117525067225680235e+00 1.563871854791245131e+00 5.992800140380859375e+01 4.709000015258789062e+01
8.000000000000000000e+01 1.111293702040127451e+00 1.555348296134997588e+00 6.029999923706054688e+01 4.727000045776367188e+01
8.100000000000000000e+01 1.110662432221823259e+00 1.565376648506798363e+00 6.050799942016601562e+01 4.622999954223632812e+01
8.200000000000000000e+01 1.112151856423949647e+00 1.559602051687697610e+00 6.029600143432617188e+01 4.752999877929687500e+01
8.300000000000000000e+01 1.101240157852246160e+00 1.567416775340851220e+00 6.080199813842773438e+01 4.665999984741210938e+01
8.400000000000000000e+01 1.104562334616216335e+00 1.563912821082642290e+00 6.065200042724609375e+01 4.770999908447265625e+01
8.500000000000000000e+01 1.101549948207552587e+00 1.586859897874033809e+00 6.056200027465820312e+01 4.679000091552734375e+01
8.600000000000000000e+01 1.096197903118145689e+00 1.574762405488437711e+00 6.087400054931640625e+01 4.672999954223632812e+01
8.700000000000000000e+01 1.101768898452922363e+00 1.561560772287959864e+00 6.073600006103515625e+01 4.729000091552734375e+01
8.800000000000000000e+01 1.091491686214793644e+00 1.589818436116837042e+00 6.091400146484375000e+01 4.700000000000000000e+01
8.900000000000000000e+01 1.093134207749931086e+00 1.584487531131829607e+00 6.103400039672851562e+01 4.711999893188476562e+01
9.000000000000000000e+01 1.096878424792127937e+00 1.599201352070695581e+00 6.075600051879882812e+01 4.679999923706054688e+01
9.100000000000000000e+01 1.089233219280352660e+00 1.585181711390376558e+00 6.124399948120117188e+01 4.720000076293945312e+01
9.200000000000000000e+01 1.085367684133984767e+00 1.580848681279264589e+00 6.126800155639648438e+01 4.740999984741210938e+01
9.300000000000000000e+01 1.086688863910777458e+00 1.586601635708976499e+00 6.101599884033203125e+01 4.731999969482421875e+01
9.400000000000000000e+01 1.084539307590028256e+00 1.596984044241067213e+00 6.133800125122070312e+01 4.693000030517578125e+01
9.500000000000000000e+01 1.081397887955700465e+00 1.602438891086334527e+00 6.120999908447265625e+01 4.654000091552734375e+01
9.600000000000000000e+01 1.086111353592314366e+00 1.592073918531497156e+00 6.114199829101562500e+01 4.695999908447265625e+01
9.700000000000000000e+01 1.080047918105842442e+00 1.596226602697524699e+00 6.137599945068359375e+01 4.679000091552734375e+01
9.800000000000000000e+01 1.076237380409271305e+00 1.616497914440715666e+00 6.159000015258789062e+01 4.677999877929687500e+01
9.900000000000000000e+01 1.076383346521312845e+00 1.607419050158783946e+00 6.125999832153320312e+01 4.684000015258789062e+01
