0.000000000000000000e+00 1.930803673814979859e+00 1.728418386782320182e+00 3.122599983215332031e+01 3.838000106811523438e+01
1.000000000000000000e+00 1.667905092468188410e+00 1.600668294361224264e+00 4.088399887084960938e+01 4.341999816894531250e+01
2.000000000000000000e+00 1.566225983741110994e+00 1.545019037807330520e+00 4.472800064086914062e+01 4.586999893188476562e+01
3.000000000000000000e+00 1.497522816357518050e+00 1.490786022271592071e+00 4.731399917602539062e+01 4.752999877929687500e+01
4.000000000000000000e+00 1.445183037033618056e+00 1.469533624359594004e+00 4.940800094604492188e+01 4.820000076293945312e+01
5.000000000000000000e+00 1.401458833092538825e+00 1.454412838711906186e+00 5.089199829101562500e+01 4.852999877929687500e+01
6.000000000000000000e+00 1.364502995615194614e+00 1.423434401282106299e+00 5.185200119018554688e+01 4.931000137329101562e+01
7.000000000000000000e+00 1.331464600578303292e+00 1.403974358075723794e+00 5.302000045776367188e+01 5.040000152587890625e+01
8.000000000000000000e+00 1.304084570836502310e+00 1.404738525993907805e+00 5.393000030517578125e+01 5.029000091552734375e+01
9.000000000000000000e+00 1.276330565879990164e+00 1.421642736505014826e+00 5.511800003051757812e+01 5.006000137329101562e+01
1.000000000000000000e+01 1.252858479169417283e+00 1.407660544299470073e+00 5.609400177001953125e+01 5.022000122070312500e+01
1.100000000000000000e+01 1.230577420822260626e+00 1.402420781481380274e+00 5.653599929809570312e+01 5.075000000000000000e+01
1.200000000000000000e+01 1.208515121932221881e+00 1.390514916505295684e+00 5.736199951171875000e+01 5.136999893188476562e+01
1.300000000000000000e+01 1.192101914800288709e+00 1.404215955315306630e+00 5.795800018310546875e+01 5.068999862670898438e+01
1.400000000000000000e+01 1.172953654655034317e+00 1.394041588131231135e+00 5.887799835205078125e+01 5.141999816894531250e+01
1.500000000000000000e+01 1.155276405986729760e+00 1.394888880534674858e+00 5.927399826049804688e+01 5.136000061035156250e+01
1.600000000000000000e+01 1.140003108322353409e+00 1.388142376852492532e+00 5.994599914550781250e+01 5.125000000000000000e+01
1.700000000000000000e+01 1.126322091579132101e+00 1.416888562825541209e+00 6.031999969482421875e+01 5.068000030517578125e+01
1.800000000000000000e+01 1.108804763316802999e+00 1.419582633355174206e+00 6.111999893188476562e+01 5.063999938964843750e+01
1.900000000000000000e+01 1.095491071198891220e+00 1.408914434643218305e+00 6.136999893188476562e+01 5.141999816894531250e+01
2.000000000000000000e+01 1.082200394863511939e+00 1.421344847915271492e+00 6.196599960327148438e+01 5.188999938964843750e+01
2.100000000000000000e+01 1.069150542305283169e+00 1.411416780072660027e+00 6.250199890136718750e+01 5.150000000000000000e+01
2.200000000000000000e+01 1.057090914371451529e+00 1.434912050303559727e+00 6.284199905395507812e+01 5.122000122070312500e+01
2.300000000000000000e+01 1.046552906796021531e+00 1.436024500729557785e+00 6.292800140380859375e+01 5.136999893188476562e+01
2.400000000000000000e+01 1.033073252428058364e+00 1.437234549476696710e+00 6.351800155639648438e+01 5.131000137329101562e+01
2.500000000000000000e+01 1.020744004809391203e+00 1.421795472740746247e+00 6.392399978637695312e+01 5.159000015258789062e+01
2.600000000000000000e+01 1.009338886804177937e+00 1.440145952633013815e+00 6.449199676513671875e+01 5.154999923706054688e+01
2.700000000000000000e+01 9.992245261820172919e-01 1.447344816149994884e+00 6.464199829101562500e+01 5.109999847412109375e+01
2.800000000000000000e+01 9.899969583547656438e-01 1.474887440760676460e+00 6.493399810791015625e+01 5.125999832153320312e+01
2.900000000000000000e+01 9.799617671158095122e-01 1.482994771993960015e+00 6.560800170898437500e+01 5.052999877929687500e+01
3.000000000000000000e+01 9.691582827215688978e-01 1.471306560328974111e+00 6.593199920654296875e+01 5.120999908447265625e+01
3.100000000000000000e+01 9.586828695568455627e-01 1.513435764244189352e+00 6.608399963378906250e+01 5.020000076293945312e+01
3.200000000000000000e+01 9.506205896002621891e-01 1.502458553154247589e+00 6.636000061035156250e+01 5.050000000000000000e+01
3.300000000000000000e+01 9.409860160323342271e-01 1.500100006120273388e+00 6.687799835205078125e+01 5.113000106811523438e+01
3.400000000000000000e+01 9.320859828211905951e-01 1.513921006038166039e+00 6.691400146484375000e+01 5.081999969482421875e+01
3.500000000000000000e+01 9.222629294514427256e-01 1.513044321879792209e+00 6.737999725341796875e+01 5.120999908447265625e+01
3.600000000000000000e+01 9.128255713313951913e-01 1.547948715214531257e+00 6.777200317382812500e+01 5.056999969482421875e+01
3.700000000000000000e+01 9.061122916100197155e-01 1.555388028248430476e+00 6.800399780273437500e+01 5.034999847412109375e+01
3.800000000000000000e+01 8.968305018607118928e-01 1.571738756312349050e+00 6.824800109863281250e+01 5.018999862670898438e+01
3.900000000000000000e+01 8.862927495403619682e-01 1.531811891462856234e+00 6.862400054931640625e+01 5.088999938964843750e+01
4.000000000000000000e+01 8.821216899084114438e-01 1.553510717880992376e+00 6.884600067138671875e+01 5.050000000000000000e+01
4.100000000000000000e+01 8.729263139854084308e-01 1.586317262520043680e+00 6.928600311279296875e+01 4.990999984741210938e+01
4.200000000000000000e+01 8.654169140339508237e-01 1.601045037801273274e+00 6.948999786376953125e+01 5.006999969482421875e+01
4.300000000000000000e+01 8.581261979755651081e-01 1.605711107055980857e+00 6.978600311279296875e+01 5.006999969482421875e+01
4.400000000000000000e+01 8.475865115359739743e-01 1.598628408992633254e+00 6.989600372314453125e+01 5.077999877929687500e+01
4.500000000000000000e+01 8.425267423411935130e-01 1.643633443517044990e+00 7.026000213623046875e+01 4.997000122070312500e+01
4.600000000000000000e+01 8.342982985160324327e-01 1.610134263579456881e+00 7.057199859619140625e+01 5.050999832153320312e+01
4.700000000000000000e+01 8.300584953561930268e-01 1.616222353598561146e+00 7.045999908447265625e+01 5.063000106811523438e+01
4.800000000000000000e+01 8.205736296266908925e-01 1.663260516838524605e+00 7.102999877929687500e+01 4.981999969482421875e+01
4.900000000000000000e+01 8.126046243037311489e-01 1.711864419067248733e+00 7.120400238037109375e+01 4.838999938964843750e+01
5.000000000000000000e+01 8.063309177022215390e-01 1.658810729607225642e+00 7.158000183105468750e+01 4.970000076293945312e+01
5.100000000000000000e+01 7.966035315987397558e-01 1.666027359878674119e+00 7.185600280761718750e+01 4.986999893188476562e+01
5.200000000000000000e+01 7.945302599946886257e-01 1.691669619692781179e+00 7.184600067138671875e+01 4.947999954223632812e+01
5.300000000000000000e+01 7.854855135321541226e-01 1.699384652197170498e+00 7.210800170898437500e+01 4.859999847412109375e+01
5.400000000000000000e+01 7.783851462034406810e-01 1.717879226032537288e+00 7.250599670410156250e+01 4.963000106811523438e+01
5.500000000000000000e+01 7.746330159868251020e-01 1.725158247703942216e+00 7.260800170898437500e+01 4.975000000000000000e+01
5.600000000000000000e+01 7.684867034069788883e-01 1.746023389287649996e+00 7.267400360107421875e+01 4.902999877929687500e+01
5.700000000000000000e+01 7.593243001213610954e-01 1.763187248105058336e+00 7.300800323486328125e+01 4.993999862670898438e+01
5.800000000000000000e+01 7.531760696486181628e-01 1.800362631916619049e+00 7.335800170898437500e+01 4.915000152587890625e+01
5.900000000000000000e+01 7.466816419755809564e-01 1.778348025803367927e+00 7.371399688720703125e+01 4.924000167846679688e+01
6.000000000000000000e+01 7.409865228281673488e-01 1.770643613018547669e+00 7.379799652099609375e+01 4.949000167846679688e+01
6.100000000000000000e+01 7.372556067550327663e-01 1.850358920356336201e+00 7.408999633789062500e+01 4.815999984741210938e+01
6.200000000000000000e+01 7.319369003681974739e-01 1.806457796797584781e+00 7.413999938964843750e+01 4.900000000000000000e+01
6.300000000000000000e+01 7.246870314624930254e-01 1.806406795026395340e+00 7.418000030517578125e+01 4.934999847412109375e+01
6.400000000000000000e+01 7.202775428978510641e-01 1.836687178086167993e+00 7.440599822998046875e+01 4.945000076293945312e+01
6.500000000000000000e+01 7.106424958390908930e-01 1.834524114482319002e+00 7.486799621582031250e+01 4.909000015258789062e+01
6.600000000000000000e+01 7.063068746948425458e-01 1.839023480780970221e+00 7.492199707031250000e+01 4.929000091552734375e+01
6.700000000000000000e+01 7.036024308212277534e-01 1.878123856200196951e+00 7.498999786376953125e+01 4.886000061035156250e+01
6.800000000000000000e+01 6.961685703568022410e-01 1.899911924672964769e+00 7.544999694824218750e+01 4.868000030517578125e+01
6.900000000000000000e+01 6.919118740851499805e-01 1.911417572452618341e+00 7.539600372314453125e+01 4.877000045776367188e+01
7.000000000000000000e+01 6.841653943138098493e-01 1.889234393358992348e+00 7.572399902343750000e+01 4.938999938964843750e+01
7.100000000000000000e+01 6.821480808125347517e-01 1.963339100440089302e+00 7.593599700927734375e+01 4.775999832153320312e+01
7.200000000000000000e+01 6.757078584443280134e-01 2.009295711502099735e+00 7.615599822998046875e+01 4.813999938964843750e+01
7.300000000000000000e+01 6.693796868783422616e-01 1.986553006659681486e+00 7.622799682617187500e+01 4.911000061035156250e+01
7.400000000000000000e+01 6.670902383800355606e-01 1.988802691618093643e+00 7.638999938964843750e+01 4.822999954223632812e+01
7.500000000000000000e+01 6.601554969813071549e-01 1.972886017145821125e+00 7.676200103759765625e+01 4.818999862670898438e+01
7.600000000000000000e+01 6.563024395505968611e-01 1.997301250981827536e+00 7.688800048828125000e+01 4.836999893188476562e+01
7.700000000000000000e+01 6.498223871507480265e-01 2.019269979609468191e+00 7.692400360107421875e+01 4.858000183105468750e+01
7.800000000000000000e+01 6.475251008704618894e-01 2.009700301356208918e+00 7.709400177001953125e+01 4.859000015258789062e+01
7.900000000000000000e+01 6.424396314151151755e-01 2.014500723860134457e+00 7.716600036621093750e+01 4.793000030517578125e+01
8.000000000000000000e+01 6.373615150964954124e-01 2.049908827288082325e+00 7.748400115966796875e+01 4.759999847412109375e+01
8.100000000000000000e+01 6.324427683366390385e-01 2.070671855260769689e+00 7.775199890136718750e+01 4.813000106811523438e+01
8.200000000000000000e+01 6.277776764645000007e-01 2.037162131775682283e+00 7.771600341796875000e+01 4.847999954223632812e+01
8.300000000000000000e+01 6.238687685759343182e-01 2.103802095777310477e+00 7.779199981689453125e+01 4.791999816894531250e+01
8.400000000000000000e+01 6.199022233772186752e-01 2.195430740380820200e+00 7.800199890136718750e+01 4.672999954223632812e+01
8.500000000000000000e+01 6.157915991273966716e-01 2.144469140817562902e+00 7.815000152587890625e+01 4.783000183105468750e+01
8.600000000000000000e+01 6.125229698625498376e-01 2.222542300582313057e+00 7.828199768066406250e+01 4.661999893188476562e+01
8.700000000000000000e+01 6.078211776125682642e-01 2.132549815094128220e+00 7.861799621582031250e+01 4.815000152587890625e+01
8.800000000000000000e+01 6.038608031534492548e-01 2.141702567426541304e+00 7.846399688720703125e+01 4.740000152587890625e+01
8.900000000000000000e+01 5.958473792708385286e-01 2.151019262429624490e+00 7.876999664306640625e+01 4.729000091552734375e+01
9.000000000000000000e+01 5.919405467240992369e-01 2.207812037330846966e+00 7.902600097656250000e+01 4.734999847412109375e+01
9.100000000000000000e+01 5.900854669220541027e-01 2.228156739911332451e+00 7.904599761962890625e+01 4.725999832153320312e+01
9.200000000000000000e+01 5.855796534189107172e-01 2.259148220665538442e+00 7.921199798583984375e+01 4.688999938964843750e+01
9.300000000000000000e+01 5.849454227694318442e-01 2.249586654166443989e+00 7.918000030517578125e+01 4.718999862670898438e+01
9.400000000000000000e+01 5.736060056809195729e-01 2.223082321330000610e+00 7.970999908447265625e+01 4.781999969482421875e+01
9.500000000000000000e+01 5.763615251006946050e-01 2.254081220291674015e+00 7.944400024414062500e+01 4.779999923706054688e+01
9.600000000000000000e+01 5.691365098064706807e-01 2.273527157573273172e+00 7.967800140380859375e+01 4.786999893188476562e+01
9.700000000000000000e+01 5.660549481175911612e-01 2.247288503966773376e+00 8.019000244140625000e+01 4.795000076293945312e+01
9.800000000000000000e+01 5.603733797887160417e-01 2.284185128090099770e+00 8.026799774169921875e+01 4.834000015258789062e+01
9.900000000000000000e+01 5.564866966340912269e-01 2.398202796332752573e+00 8.030400085449218750e+01 4.679000091552734375e+01
